,request_time,edge,response_code
0,111.10842,cloud,200
1,100.101784,cloud,200
2,99.574835,cloud,200
3,96.766903,cloud,200
4,98.590175,cloud,200
5,100.215152,cloud,200
6,100.932544,cloud,200
7,98.305507,cloud,200
8,98.516305,cloud,200
9,97.615399,cloud,200
10,99.349324,cloud,200
11,94.702119,cloud,200
12,96.902965,cloud,200
13,91.055552,cloud,200
14,98.047689,cloud,200
15,97.698435,cloud,200
16,97.091833,cloud,200
17,98.854494,cloud,200
18,97.17178,cloud,200
19,99.13685,cloud,200
20,100.454096,cloud,200
21,99.300036,cloud,200
22,96.823746,cloud,200
23,98.092856,cloud,200
24,97.614628,cloud,200
25,97.209417,cloud,200
26,101.610844,cloud,200
27,99.37444,cloud,200
28,98.255086,cloud,200
29,97.363931,cloud,200
30,97.714048,cloud,200
31,98.11013,cloud,200
32,96.641431,cloud,200
33,95.631528,cloud,200
34,97.49169,cloud,200
35,102.04173,cloud,200
36,98.91686,cloud,200
37,98.008005,cloud,200
38,99.963096,cloud,200
39,95.911364,cloud,200
40,97.512975,cloud,200
41,97.777894,cloud,200
42,99.134658,cloud,200
43,97.408053,cloud,200
44,97.574471,cloud,200
45,97.844217,cloud,200
46,99.006124,cloud,200
47,97.831456,cloud,200
48,96.668678,cloud,200
49,98.690511,cloud,200
50,100.071295,cloud,200
51,97.082319,cloud,200
52,98.762091,cloud,200
53,98.335398,cloud,200
54,98.676728,cloud,200
55,101.622422,cloud,200
56,97.374066,cloud,200
57,97.109538,cloud,200
58,98.549008,cloud,200
59,95.706259,cloud,200
60,98.414543,cloud,200
61,98.441502,cloud,200
62,97.235693,cloud,200
63,97.267932,cloud,200
64,97.496643,cloud,200
65,101.897726,cloud,200
66,95.784863,cloud,200
67,99.368954,cloud,200
68,100.174078,cloud,200
69,96.615643,cloud,200
70,97.948705,cloud,200
71,98.246439,cloud,200
72,96.664785,cloud,200
73,96.697327,cloud,200
74,97.769785,cloud,200
75,99.855896,cloud,200
76,97.771519,cloud,200
77,97.664325,cloud,200
78,97.214367,cloud,200
79,98.66446,cloud,200
80,97.171231,cloud,200
81,98.609623,cloud,200
82,99.703858,cloud,200
83,98.348263,cloud,200
84,99.289165,cloud,200
85,99.856885,cloud,200
86,99.118296,cloud,200
87,96.638603,cloud,200
88,98.647361,cloud,200
89,99.7711,cloud,200
90,99.563633,cloud,200
91,99.004643,cloud,200
92,101.370067,cloud,200
93,98.105771,cloud,200
94,97.428257,cloud,200
95,99.014025,cloud,200
96,98.047598,cloud,200
97,98.926359,cloud,200
98,97.272825,cloud,200
99,96.918278,cloud,200
100,96.295447,cloud,200
101,96.114743,cloud,200
102,98.959071,cloud,200
103,99.036069,cloud,200
104,99.217018,cloud,200
105,99.359091,cloud,200
106,96.885711,cloud,200
107,96.997694,cloud,200
108,99.314786,cloud,200
109,99.392098,cloud,200
110,97.258609,cloud,200
111,97.650723,cloud,200
112,97.950678,cloud,200
113,98.488044,cloud,200
114,98.298365,cloud,200
115,99.900846,cloud,200
116,98.226131,cloud,200
117,97.109866,cloud,200
118,99.370324,cloud,200
119,97.062556,cloud,200
120,97.408621,cloud,200
121,97.456215,cloud,200
122,97.515313,cloud,200
123,96.003615,cloud,200
124,99.420243,cloud,200
125,98.191937,cloud,200
126,96.508684,cloud,200
127,98.780502,cloud,200
128,98.23341,cloud,200
129,101.166598,cloud,200
130,100.645361,cloud,200
131,98.360883,cloud,200
132,97.336123,cloud,200
133,97.386727,cloud,200
134,98.627294,cloud,200
135,95.053439,cloud,200
136,99.536972,cloud,200
137,99.19416,cloud,200
138,96.874322,cloud,200
139,98.571907,cloud,200
140,99.050278,cloud,200
141,100.358802,cloud,200
142,97.263454,cloud,200
143,96.899257,cloud,200
144,97.679047,cloud,200
145,97.623412,cloud,200
146,95.754315,cloud,200
147,95.654015,cloud,200
148,96.839496,cloud,200
149,98.738062,cloud,200
150,99.26332,cloud,200
151,98.735417,cloud,200
152,97.018823,cloud,200
153,101.88884,cloud,200
154,98.271875,cloud,200
155,97.113164,cloud,200
156,98.606647,cloud,200
157,100.551383,cloud,200
158,96.241419,cloud,200
159,97.588578,cloud,200
160,96.987672,cloud,200
161,99.438494,cloud,200
162,101.240998,cloud,200
163,96.19602,cloud,200
164,99.02113,cloud,200
165,95.991257,cloud,200
166,100.528128,cloud,200
167,96.743986,cloud,200
168,100.83315,cloud,200
169,97.023568,cloud,200
170,98.15874,cloud,200
171,99.002137,cloud,200
172,98.531388,cloud,200
173,98.986315,cloud,200
174,99.942081,cloud,200
175,98.950209,cloud,200
176,96.61053,cloud,200
177,98.612788,cloud,200
178,98.178549,cloud,200
179,100.025512,cloud,200
180,96.494239,cloud,200
181,97.617756,cloud,200
182,98.180307,cloud,200
183,97.152179,cloud,200
184,96.215286,cloud,200
185,96.360325,cloud,200
186,96.748218,cloud,200
187,97.780222,cloud,200
188,99.564493,cloud,200
189,97.005142,cloud,200
190,101.338086,cloud,200
191,98.005671,cloud,200
192,97.536223,cloud,200
193,97.482091,cloud,200
194,95.262355,cloud,200
195,95.534978,cloud,200
196,96.22631,cloud,200
197,96.7503,cloud,200
198,95.616461,cloud,200
199,96.678726,cloud,200
200,97.482406,cloud,200
201,97.977681,cloud,200
202,100.178732,cloud,200
203,98.826111,cloud,200
204,99.551202,cloud,200
205,97.016711,cloud,200
206,97.623539,cloud,200
207,96.792564,cloud,200
208,99.699752,cloud,200
209,98.987475,cloud,200
210,101.729969,cloud,200
211,98.305805,cloud,200
212,99.145285,cloud,200
213,98.093902,cloud,200
214,96.507056,cloud,200
215,95.650769,cloud,200
216,99.144813,cloud,200
217,98.616505,cloud,200
218,99.078957,cloud,200
219,100.701725,cloud,200
220,100.410013,cloud,200
221,97.097948,cloud,200
222,102.701512,cloud,200
223,96.793315,cloud,200
224,100.252021,cloud,200
225,98.454987,cloud,200
226,97.956816,cloud,200
227,101.047704,cloud,200
228,97.712759,cloud,200
229,97.365754,cloud,200
230,98.336694,cloud,200
231,94.897903,cloud,200
232,98.980379,cloud,200
233,97.719144,cloud,200
234,99.867857,cloud,200
235,97.010095,cloud,200
236,96.190076,cloud,200
237,96.781177,cloud,200
238,97.588439,cloud,200
239,97.755782,cloud,200
240,100.77508,cloud,200
241,94.850195,cloud,200
242,98.678086,cloud,200
243,100.782034,cloud,200
244,97.283839,cloud,200
245,99.956725,cloud,200
246,98.729709,cloud,200
247,97.847714,cloud,200
248,98.069948,cloud,200
249,99.968999,cloud,200
250,97.540077,cloud,200
251,98.515604,cloud,200
252,97.868714,cloud,200
253,101.236559,cloud,200
254,99.847714,cloud,200
255,97.119278,cloud,200
256,96.725477,cloud,200
257,99.079369,cloud,200
258,98.066097,cloud,200
259,99.092063,cloud,200
260,97.517934,cloud,200
261,99.965687,cloud,200
262,96.677618,cloud,200
263,99.28057,cloud,200
264,99.842513,cloud,200
265,99.954079,cloud,200
266,97.193118,cloud,200
267,98.643226,cloud,200
268,97.455564,cloud,200
269,100.652853,cloud,200
270,103.424465,cloud,200
271,99.141896,cloud,200
272,98.763875,cloud,200
273,100.665496,cloud,200
274,97.358432,cloud,200
275,99.561558,cloud,200
276,100.353703,cloud,200
277,99.156786,cloud,200
278,101.598213,cloud,200
279,99.643974,cloud,200
280,98.475154,cloud,200
281,97.672824,cloud,200
282,100.421115,cloud,200
283,99.258694,cloud,200
284,98.0954,cloud,200
285,97.542568,cloud,200
286,96.96719,cloud,200
287,99.077621,cloud,200
288,98.483135,cloud,200
289,98.808039,cloud,200
290,99.932913,cloud,200
291,103.012177,cloud,200
292,99.596209,cloud,200
293,98.943939,cloud,200
294,101.62915,cloud,200
295,99.064787,cloud,200
296,100.006572,cloud,200
297,100.301398,cloud,200
298,96.191162,cloud,200
299,98.007507,cloud,200
300,102.237146,cloud,200
301,100.971908,cloud,200
302,98.456984,cloud,200
303,96.063387,cloud,200
304,98.887444,cloud,200
305,97.137191,cloud,200
306,103.958202,cloud,200
307,100.913596,cloud,200
308,97.558278,cloud,200
309,101.005014,cloud,200
310,100.441713,cloud,200
311,98.587609,cloud,200
312,102.247345,cloud,200
313,102.470265,cloud,200
314,97.229232,cloud,200
315,98.498408,cloud,200
316,98.648012,cloud,200
317,97.709211,cloud,200
318,100.113336,cloud,200
319,99.610573,cloud,200
320,100.545605,cloud,200
321,97.194808,cloud,200
322,99.461765,cloud,200
323,97.710186,cloud,200
324,97.27249,cloud,200
325,99.395047,cloud,200
326,98.488947,cloud,200
327,101.21336,cloud,200
328,98.656318,cloud,200
329,99.827966,cloud,200
330,97.166616,cloud,200
331,99.164024,cloud,200
332,98.086683,cloud,200
333,100.840674,cloud,200
334,99.513671,cloud,200
335,96.198905,cloud,200
336,100.448593,cloud,200
337,98.003414,cloud,200
338,96.331145,cloud,200
339,98.034358,cloud,200
340,99.048271,cloud,200
341,100.038185,cloud,200
342,94.427462,cloud,200
343,96.714989,cloud,200
344,96.116587,cloud,200
345,99.004758,cloud,200
346,98.638387,cloud,200
347,98.305478,cloud,200
348,96.762858,cloud,200
349,98.44314,cloud,200
350,99.572837,cloud,200
351,97.775764,cloud,200
352,97.912884,cloud,200
353,99.096863,cloud,200
354,98.173294,cloud,200
355,102.270861,cloud,200
356,96.971833,cloud,200
357,97.723087,cloud,200
358,98.611326,cloud,200
359,99.217183,cloud,200
360,100.51536,cloud,200
361,100.00811,cloud,200
362,98.59146,cloud,200
363,99.202761,cloud,200
364,98.728462,cloud,200
365,99.972751,cloud,200
366,100.869759,cloud,200
367,99.925243,cloud,200
368,98.135206,cloud,200
369,97.860485,cloud,200
370,102.304086,cloud,200
371,98.22653,cloud,200
372,99.803018,cloud,200
373,98.088878,cloud,200
374,99.299523,cloud,200
375,99.095416,cloud,200
376,100.037397,cloud,200
377,98.987279,cloud,200
378,101.719346,cloud,200
379,98.406969,cloud,200
380,97.118769,cloud,200
381,98.523022,cloud,200
382,101.917838,cloud,200
383,98.966126,cloud,200
384,101.666398,cloud,200
385,100.04873,cloud,200
386,101.032864,cloud,200
387,98.458393,cloud,200
388,100.93694,cloud,200
389,97.30027,cloud,200
390,98.942556,cloud,200
391,99.143993,cloud,200
392,100.494904,cloud,200
393,97.862502,cloud,200
394,97.693816,cloud,200
395,98.951562,cloud,200
396,97.481469,cloud,200
397,97.969791,cloud,200
398,97.772228,cloud,200
399,97.158544,cloud,200
400,97.652325,cloud,200
401,96.88063,cloud,200
402,98.400146,cloud,200
403,99.335307,cloud,200
404,99.412994,cloud,200
405,98.567072,cloud,200
406,101.689527,cloud,200
407,99.637178,cloud,200
408,96.414027,cloud,200
409,100.241986,cloud,200
410,98.185015,cloud,200
411,99.578655,cloud,200
412,98.646895,cloud,200
413,98.156865,cloud,200
414,97.094679,cloud,200
415,98.587509,cloud,200
416,97.253017,cloud,200
417,98.899897,cloud,200
418,98.518783,cloud,200
419,100.360044,cloud,200
420,99.015773,cloud,200
421,98.430381,cloud,200
422,97.207552,cloud,200
423,97.615118,cloud,200
424,98.20241,cloud,200
425,100.517329,cloud,200
426,98.272606,cloud,200
427,98.649914,cloud,200
428,100.288042,cloud,200
429,100.339579,cloud,200
430,98.952876,cloud,200
431,99.77872,cloud,200
432,98.821053,cloud,200
433,98.187586,cloud,200
434,100.216502,cloud,200
435,99.344325,cloud,200
436,97.173365,cloud,200
437,96.844234,cloud,200
438,100.876375,cloud,200
439,97.256348,cloud,200
440,98.534992,cloud,200
441,98.535785,cloud,200
442,97.000656,cloud,200
443,99.2427,cloud,200
444,98.551234,cloud,200
445,99.252526,cloud,200
446,99.110256,cloud,200
447,98.520463,cloud,200
448,99.578861,cloud,200
449,97.765524,cloud,200
450,98.522315,cloud,200
451,99.048813,cloud,200
452,99.520765,cloud,200
453,99.314084,cloud,200
454,100.264693,cloud,200
455,98.351307,cloud,200
456,99.820314,cloud,200
457,97.217672,cloud,200
458,97.91702,cloud,200
459,98.280433,cloud,200
460,98.254283,cloud,200
461,97.809466,cloud,200
462,160.819038,cloud,200
463,98.557351,cloud,200
464,97.204145,cloud,200
465,103.004122,cloud,200
466,101.809968,cloud,200
467,98.426272,cloud,200
468,98.256635,cloud,200
469,96.600362,cloud,200
470,99.824288,cloud,200
471,99.774197,cloud,200
472,96.808085,cloud,200
473,99.209226,cloud,200
474,99.245338,cloud,200
475,98.409498,cloud,200
476,97.193404,cloud,200
477,97.080021,cloud,200
478,97.765998,cloud,200
479,98.199132,cloud,200
480,99.858425,cloud,200
481,101.690046,cloud,200
482,97.238876,cloud,200
483,96.582206,cloud,200
484,97.2381,cloud,200
485,98.580946,cloud,200
486,95.727745,cloud,200
487,99.042567,cloud,200
488,97.397298,cloud,200
489,100.790106,cloud,200
490,98.191433,cloud,200
491,98.164002,cloud,200
492,98.874593,cloud,200
493,97.313413,cloud,200
494,96.945194,cloud,200
495,99.526966,cloud,200
496,97.746718,cloud,200
497,97.645765,cloud,200
498,97.992268,cloud,200
499,99.394793,cloud,200
500,99.456172,cloud,200
501,100.465399,cloud,200
502,97.27998,cloud,200
503,97.125334,cloud,200
504,99.728259,cloud,200
505,100.218864,cloud,200
506,98.15045,cloud,200
507,100.168075,cloud,200
508,96.409374,cloud,200
509,99.881062,cloud,200
510,98.818007,cloud,200
511,98.728704,cloud,200
512,98.425398,cloud,200
513,98.660532,cloud,200
514,98.101032,cloud,200
515,99.405999,cloud,200
516,99.466155,cloud,200
517,99.258214,cloud,200
518,100.623162,cloud,200
519,98.167047,cloud,200
520,97.128768,cloud,200
521,98.020791,cloud,200
522,98.161792,cloud,200
523,97.866541,cloud,200
524,99.155776,cloud,200
525,98.9332,cloud,200
526,98.841405,cloud,200
527,98.473859,cloud,200
528,98.81939,cloud,200
529,100.013611,cloud,200
530,97.82406,cloud,200
531,97.175529,cloud,200
532,100.099505,cloud,200
533,100.083451,cloud,200
534,98.905454,cloud,200
535,100.433658,cloud,200
536,100.19879,cloud,200
537,101.022087,cloud,200
538,98.307397,cloud,200
539,98.959816,cloud,200
540,99.938823,cloud,200
541,96.371904,cloud,200
542,98.836861,cloud,200
543,102.233675,cloud,200
544,100.214847,cloud,200
545,99.083528,cloud,200
546,101.329325,cloud,200
547,96.375964,cloud,200
548,97.921166,cloud,200
549,96.691259,cloud,200
550,98.181722,cloud,200
551,99.691277,cloud,200
552,101.647514,cloud,200
553,97.884832,cloud,200
554,101.099194,cloud,200
555,97.549164,cloud,200
556,98.791082,cloud,200
557,97.105768,cloud,200
558,98.285916,cloud,200
559,98.841628,cloud,200
560,98.179449,cloud,200
561,98.366868,cloud,200
562,98.333656,cloud,200
563,101.183351,cloud,200
564,97.73834,cloud,200
565,97.525833,cloud,200
566,97.782029,cloud,200
567,97.325423,cloud,200
568,96.578547,cloud,200
569,96.808843,cloud,200
570,100.804361,cloud,200
571,96.796582,cloud,200
572,99.686547,cloud,200
573,97.383343,cloud,200
574,96.564058,cloud,200
575,99.551599,cloud,200
576,98.025364,cloud,200
577,98.910946,cloud,200
578,97.298334,cloud,200
579,97.366477,cloud,200
580,96.542631,cloud,200
581,99.532512,cloud,200
582,99.610403,cloud,200
583,98.367504,cloud,200
584,96.066876,cloud,200
585,96.670497,cloud,200
586,98.984629,cloud,200
587,100.287381,cloud,200
588,98.937425,cloud,200
589,98.487093,cloud,200
590,98.824625,cloud,200
591,98.901341,cloud,200
592,98.158202,cloud,200
593,98.166699,cloud,200
594,98.892678,cloud,200
595,98.058499,cloud,200
596,99.409105,cloud,200
597,95.805115,cloud,200
598,96.462704,cloud,200
599,104.197335,cloud,200
600,195.132177,cloud,200
601,387.812516,cloud,200
602,385.724969,cloud,200
603,385.205695,cloud,200
604,387.440649,cloud,200
605,387.566314,cloud,200
606,386.481139,cloud,200
607,390.084062,cloud,200
608,385.390293,cloud,200
609,390.416556,cloud,200
610,385.515592,cloud,200
611,385.017485,cloud,200
612,385.566401,cloud,200
613,387.858487,cloud,200
614,386.31178,cloud,200
615,387.200278,cloud,200
616,385.000383,cloud,200
617,385.756327,cloud,200
618,386.535473,cloud,200
619,387.074878,cloud,200
620,388.207873,cloud,200
621,385.639467,cloud,200
622,387.113905,cloud,200
623,386.707189,cloud,200
624,387.310261,cloud,200
625,385.969989,cloud,200
626,385.619222,cloud,200
627,385.05889,cloud,200
628,385.106136,cloud,200
629,386.398494,cloud,200
630,387.555047,cloud,200
631,386.567079,cloud,200
632,384.673296,cloud,200
633,386.618438,cloud,200
634,385.834778,cloud,200
635,385.758145,cloud,200
636,388.032427,cloud,200
637,386.47152,cloud,200
638,111.886615,cloud,200
639,98.401,cloud,200
640,96.530892,cloud,200
641,100.197418,cloud,200
642,97.393021,cloud,200
643,99.124232,cloud,200
644,99.992987,cloud,200
645,98.260687,cloud,200
646,98.310511,cloud,200
647,96.979726,cloud,200
648,94.137188,cloud,200
649,102.680062,cloud,200
650,95.121346,cloud,200
651,98.699401,cloud,200
652,98.351484,cloud,200
653,97.746181,cloud,200
654,95.69492,cloud,200
655,100.769664,cloud,200
656,97.077188,cloud,200
657,99.948055,cloud,200
658,97.958998,cloud,200
659,99.69575,cloud,200
660,98.669078,cloud,200
661,98.335305,cloud,200
662,95.910114,cloud,200
663,99.338504,cloud,200
664,96.640505,cloud,200
665,97.647946,cloud,200
666,96.899098,cloud,200
667,97.967525,cloud,200
668,98.768567,cloud,200
669,101.809011,cloud,200
670,97.596341,cloud,200
671,100.594471,cloud,200
672,98.658489,cloud,200
673,97.831563,cloud,200
674,94.946564,cloud,200
675,97.219109,cloud,200
676,97.724823,cloud,200
677,97.269387,cloud,200
678,96.27969,cloud,200
679,98.793413,cloud,200
680,98.381471,cloud,200
681,99.164336,cloud,200
682,99.383238,cloud,200
683,96.464539,cloud,200
684,98.868928,cloud,200
685,97.69134,cloud,200
686,96.169079,cloud,200
687,95.838484,cloud,200
688,97.973662,cloud,200
689,97.687141,cloud,200
690,97.18194,cloud,200
691,101.470996,cloud,200
692,97.463178,cloud,200
693,98.796957,cloud,200
694,96.660313,cloud,200
695,98.800731,cloud,200
696,98.484876,cloud,200
697,96.684791,cloud,200
698,98.331495,cloud,200
699,98.258431,cloud,200
700,96.050527,cloud,200
701,96.693101,cloud,200
702,97.927276,cloud,200
703,96.121209,cloud,200
704,99.163665,cloud,200
705,100.324034,cloud,200
706,96.782161,cloud,200
707,97.589289,cloud,200
708,97.774111,cloud,200
709,97.849835,cloud,200
710,96.924721,cloud,200
711,99.263685,cloud,200
712,98.535974,cloud,200
713,96.705464,cloud,200
714,96.528114,cloud,200
715,97.378876,cloud,200
716,98.534035,cloud,200
717,96.752245,cloud,200
718,97.618362,cloud,200
719,97.416433,cloud,200
720,98.221104,cloud,200
721,97.179527,cloud,200
722,98.377453,cloud,200
723,101.055652,cloud,200
724,98.846682,cloud,200
725,96.965733,cloud,200
726,96.968426,cloud,200
727,99.131909,cloud,200
728,98.0424,cloud,200
729,97.917722,cloud,200
730,97.551635,cloud,200
731,95.862718,cloud,200
732,97.231765,cloud,200
733,103.247927,cloud,200
734,96.644423,cloud,200
735,98.483901,cloud,200
736,98.158919,cloud,200
737,96.793078,cloud,200
738,97.273087,cloud,200
739,96.698656,cloud,200
740,97.648095,cloud,200
741,98.453373,cloud,200
742,97.506691,cloud,200
743,100.091082,cloud,200
744,96.485435,cloud,200
745,97.704222,cloud,200
746,96.399847,cloud,200
747,97.374446,cloud,200
748,96.98247,cloud,200
749,97.151846,cloud,200
750,96.840621,cloud,200
751,98.918087,cloud,200
752,94.915223,cloud,200
753,99.063881,cloud,200
754,100.499787,cloud,200
755,98.466464,cloud,200
756,97.293765,cloud,200
757,97.801344,cloud,200
758,99.54982,cloud,200
759,98.391244,cloud,200
760,96.989027,cloud,200
761,97.938223,cloud,200
762,97.177569,cloud,200
763,99.515022,cloud,200
764,99.059968,cloud,200
765,99.181561,cloud,200
766,98.407925,cloud,200
767,97.195486,cloud,200
768,97.802867,cloud,200
769,100.147649,cloud,200
770,98.426226,cloud,200
771,101.626418,cloud,200
772,97.432298,cloud,200
773,96.573263,cloud,200
774,97.853532,cloud,200
775,102.000143,cloud,200
776,99.874608,cloud,200
777,98.711856,cloud,200
778,97.976132,cloud,200
779,97.066569,cloud,200
780,97.017032,cloud,200
781,95.687331,cloud,200
782,96.101772,cloud,200
783,97.728061,cloud,200
784,99.297659,cloud,200
785,97.502763,cloud,200
786,95.910688,cloud,200
787,96.968849,cloud,200
788,98.193182,cloud,200
789,95.197861,cloud,200
790,96.190268,cloud,200
791,98.062718,cloud,200
792,98.844579,cloud,200
793,98.333679,cloud,200
794,97.006256,cloud,200
795,97.548516,cloud,200
796,97.497875,cloud,200
797,97.647197,cloud,200
798,101.68744,cloud,200
799,99.574427,cloud,200
800,98.176257,cloud,200
801,97.926754,cloud,200
802,98.477486,cloud,200
803,98.281768,cloud,200
804,97.982863,cloud,200
805,96.870564,cloud,200
806,97.223462,cloud,200
807,97.737465,cloud,200
808,98.354356,cloud,200
809,97.235691,cloud,200
810,95.966417,cloud,200
811,97.34742,cloud,200
812,96.565872,cloud,200
813,100.144796,cloud,200
814,97.467229,cloud,200
815,97.64863,cloud,200
816,98.213455,cloud,200
817,100.218134,cloud,200
818,95.381712,cloud,200
819,99.395418,cloud,200
820,98.480937,cloud,200
821,100.740452,cloud,200
822,96.602815,cloud,200
823,98.380526,cloud,200
824,94.751714,cloud,200
825,94.52918,cloud,200
826,97.068911,cloud,200
827,99.012022,cloud,200
828,97.759649,cloud,200
829,97.825652,cloud,200
830,98.369912,cloud,200
831,97.445022,cloud,200
832,97.617747,cloud,200
833,95.306887,cloud,200
834,95.102917,cloud,200
835,97.931725,cloud,200
836,97.389558,cloud,200
837,96.857927,cloud,200
838,98.299011,cloud,200
839,97.990338,cloud,200
840,98.711577,cloud,200
841,97.801697,cloud,200
842,99.463801,cloud,200
843,94.309701,cloud,200
844,95.509808,cloud,200
845,97.988719,cloud,200
846,97.078377,cloud,200
847,98.497972,cloud,200
848,99.357049,cloud,200
849,98.674751,cloud,200
850,97.199479,cloud,200
851,98.256706,cloud,200
852,99.394435,cloud,200
853,96.166063,cloud,200
854,96.058346,cloud,200
855,96.644116,cloud,200
856,95.084088,cloud,200
857,98.335356,cloud,200
858,97.26414,cloud,200
859,103.82388,cloud,200
860,96.253463,cloud,200
861,96.921445,cloud,200
862,96.556567,cloud,200
863,97.200867,cloud,200
864,97.177429,cloud,200
865,97.006506,cloud,200
866,96.336306,cloud,200
867,97.646488,cloud,200
868,100.732695,cloud,200
869,98.153677,cloud,200
870,97.122485,cloud,200
871,100.078456,cloud,200
872,99.871157,cloud,200
873,98.172,cloud,200
874,96.681044,cloud,200
875,100.661169,cloud,200
876,102.833471,cloud,200
877,100.25158,cloud,200
878,100.011698,cloud,200
879,98.679103,cloud,200
880,100.724495,cloud,200
881,100.357309,cloud,200
882,99.153826,cloud,200
883,100.845554,cloud,200
884,97.526951,cloud,200
885,99.97078,cloud,200
886,97.892599,cloud,200
887,97.772727,cloud,200
888,95.766562,cloud,200
889,99.714172,cloud,200
890,98.18904,cloud,200
891,99.18756,cloud,200
892,97.81925,cloud,200
893,97.107193,cloud,200
894,98.630929,cloud,200
895,101.006298,cloud,200
896,99.872257,cloud,200
897,98.825055,cloud,200
898,100.631105,cloud,200
899,101.455634,cloud,200
900,101.618499,cloud,200
901,99.847388,cloud,200
902,99.619661,cloud,200
903,98.681665,cloud,200
904,99.702007,cloud,200
905,99.264268,cloud,200
906,96.332022,cloud,200
907,92.216728,cloud,200
908,99.77248,cloud,200
909,97.284088,cloud,200
910,98.216853,cloud,200
911,100.176699,cloud,200
912,97.397627,cloud,200
913,97.364735,cloud,200
914,97.878401,cloud,200
915,98.288742,cloud,200
916,101.986336,cloud,200
917,98.224384,cloud,200
918,96.869221,cloud,200
919,98.509092,cloud,200
920,100.601462,cloud,200
921,97.929344,cloud,200
922,99.987957,cloud,200
923,99.932711,cloud,200
924,98.653136,cloud,200
925,99.856298,cloud,200
926,93.844974,cloud,200
927,96.515164,cloud,200
928,97.642679,cloud,200
929,97.400278,cloud,200
930,98.102653,cloud,200
931,96.889606,cloud,200
932,97.57848,cloud,200
933,98.626198,cloud,200
934,97.206889,cloud,200
935,97.093218,cloud,200
936,99.489169,cloud,200
937,97.47787,cloud,200
938,98.07393,cloud,200
939,98.805704,cloud,200
940,97.366069,cloud,200
941,99.568566,cloud,200
942,99.044588,cloud,200
943,99.599233,cloud,200
944,102.859755,cloud,200
945,98.05041,cloud,200
946,98.164852,cloud,200
947,98.762122,cloud,200
948,99.748167,cloud,200
949,95.227408,cloud,200
950,96.285809,cloud,200
951,95.535417,cloud,200
952,97.437055,cloud,200
953,99.396828,cloud,200
954,97.296844,cloud,200
955,98.694677,cloud,200
956,94.951806,cloud,200
957,98.750718,cloud,200
958,96.181586,cloud,200
959,96.515727,cloud,200
960,96.03353,cloud,200
961,98.784921,cloud,200
962,98.521388,cloud,200
963,100.128684,cloud,200
964,99.19784,cloud,200
965,96.580768,cloud,200
966,97.711458,cloud,200
967,95.019094,cloud,200
968,100.676615,cloud,200
969,97.667663,cloud,200
970,99.929283,cloud,200
971,99.533305,cloud,200
972,98.459268,cloud,200
973,98.807753,cloud,200
974,98.089927,cloud,200
975,101.251684,cloud,200
976,100.130762,cloud,200
977,98.394414,cloud,200
978,98.71314,cloud,200
979,99.025949,cloud,200
980,99.498645,cloud,200
981,97.654256,cloud,200
982,97.883008,cloud,200
983,96.405217,cloud,200
984,97.960603,cloud,200
985,101.173977,cloud,200
986,98.957356,cloud,200
987,98.86722,cloud,200
988,97.366522,cloud,200
989,98.352614,cloud,200
990,98.850897,cloud,200
991,99.258922,cloud,200
992,97.51972,cloud,200
993,96.463122,cloud,200
994,98.088625,cloud,200
995,98.730685,cloud,200
996,98.160554,cloud,200
997,100.643947,cloud,200
998,100.613174,cloud,200
999,97.274022,cloud,200
1000,100.529581,cloud,200
1001,99.220402,cloud,200
1002,98.446884,cloud,200
1003,101.164194,cloud,200
1004,98.072874,cloud,200
1005,97.429306,cloud,200
1006,97.667692,cloud,200
1007,97.193176,cloud,200
1008,97.934615,cloud,200
1009,96.909838,cloud,200
1010,96.657702,cloud,200
1011,98.473634,cloud,200
1012,97.157981,cloud,200
1013,97.311279,cloud,200
1014,99.20842,cloud,200
1015,98.47208,cloud,200
1016,97.500281,cloud,200
1017,98.385012,cloud,200
1018,97.127618,cloud,200
1019,96.601289,cloud,200
1020,97.243464,cloud,200
1021,96.789591,cloud,200
1022,99.223312,cloud,200
1023,100.630395,cloud,200
1024,97.187931,cloud,200
1025,97.75821,cloud,200
1026,99.049753,cloud,200
1027,98.87499,cloud,200
1028,96.181808,cloud,200
1029,100.749292,cloud,200
1030,95.208101,cloud,200
1031,99.13043,cloud,200
1032,97.928578,cloud,200
1033,98.616725,cloud,200
1034,96.871752,cloud,200
1035,96.364089,cloud,200
1036,96.374414,cloud,200
1037,96.014591,cloud,200
1038,96.679551,cloud,200
1039,97.87874,cloud,200
1040,98.623384,cloud,200
1041,96.729559,cloud,200
1042,96.634445,cloud,200
1043,97.70747,cloud,200
1044,98.07381,cloud,200
1045,97.256946,cloud,200
1046,98.357259,cloud,200
1047,98.457839,cloud,200
1048,98.369371,cloud,200
1049,98.883894,cloud,200
1050,95.817323,cloud,200
1051,96.072593,cloud,200
1052,96.277786,cloud,200
1053,97.002476,cloud,200
1054,96.068616,cloud,200
1055,96.373028,cloud,200
1056,98.8535,cloud,200
1057,95.617867,cloud,200
1058,98.109325,cloud,200
1059,97.87818,cloud,200
1060,97.489521,cloud,200
1061,96.059666,cloud,200
1062,98.623632,cloud,200
1063,97.545469,cloud,200
1064,94.858559,cloud,200
1065,97.527638,cloud,200
1066,100.218656,cloud,200
1067,98.76208,cloud,200
1068,96.481449,cloud,200
1069,99.419874,cloud,200
1070,95.455243,cloud,200
1071,96.97138,cloud,200
1072,96.50272,cloud,200
1073,96.121879,cloud,200
1074,94.691503,cloud,200
1075,96.746761,cloud,200
1076,96.240214,cloud,200
1077,98.235729,cloud,200
1078,96.097328,cloud,200
1079,94.833726,cloud,200
1080,99.751003,cloud,200
1081,97.894527,cloud,200
1082,98.661888,cloud,200
1083,94.163694,cloud,200
1084,97.139297,cloud,200
1085,98.52331,cloud,200
1086,98.176708,cloud,200
1087,96.970002,cloud,200
1088,100.292515,cloud,200
1089,100.840212,cloud,200
1090,98.099105,cloud,200
1091,98.320818,cloud,200
1092,100.518481,cloud,200
1093,100.121847,cloud,200
1094,98.771107,cloud,200
1095,100.254999,cloud,200
1096,100.06723,cloud,200
1097,98.726315,cloud,200
1098,98.577237,cloud,200
1099,96.362483,cloud,200
1100,100.190931,cloud,200
1101,100.162584,cloud,200
1102,97.251963,cloud,200
1103,96.842022,cloud,200
1104,96.834716,cloud,200
1105,100.2253,cloud,200
1106,97.763942,cloud,200
1107,97.690126,cloud,200
1108,96.873896,cloud,200
1109,97.91908,cloud,200
1110,98.877687,cloud,200
1111,98.925288,cloud,200
1112,98.839007,cloud,200
1113,98.131594,cloud,200
1114,95.957894,cloud,200
1115,98.278004,cloud,200
1116,98.196357,cloud,200
1117,98.041468,cloud,200
1118,96.719845,cloud,200
1119,95.318032,cloud,200
1120,99.792525,cloud,200
1121,99.28647,cloud,200
1122,99.194875,cloud,200
1123,98.340425,cloud,200
1124,96.58255,cloud,200
1125,98.711538,cloud,200
1126,97.203495,cloud,200
1127,100.275273,cloud,200
1128,97.691031,cloud,200
1129,97.404089,cloud,200
1130,99.833974,cloud,200
1131,97.254413,cloud,200
1132,100.057218,cloud,200
1133,99.489333,cloud,200
1134,98.500494,cloud,200
1135,97.384493,cloud,200
1136,98.422928,cloud,200
1137,99.292977,cloud,200
1138,97.532074,cloud,200
1139,96.83794,cloud,200
1140,98.45335,cloud,200
1141,96.171756,cloud,200
1142,95.530715,cloud,200
1143,99.812238,cloud,200
1144,99.312993,cloud,200
1145,96.71959,cloud,200
1146,95.795198,cloud,200
1147,97.020666,cloud,200
1148,98.938715,cloud,200
1149,95.501189,cloud,200
1150,98.636716,cloud,200
1151,97.933873,cloud,200
1152,98.186794,cloud,200
1153,98.394417,cloud,200
1154,96.913728,cloud,200
1155,99.908897,cloud,200
1156,97.556221,cloud,200
1157,97.360278,cloud,200
1158,100.529346,cloud,200
1159,97.624924,cloud,200
1160,95.751716,cloud,200
1161,97.452088,cloud,200
1162,97.009555,cloud,200
1163,99.483244,cloud,200
1164,97.074959,cloud,200
1165,96.53721,cloud,200
1166,95.296675,cloud,200
1167,95.439153,cloud,200
1168,98.933485,cloud,200
1169,98.952653,cloud,200
1170,97.437456,cloud,200
1171,96.752503,cloud,200
1172,98.716932,cloud,200
1173,102.160919,cloud,200
1174,96.834423,cloud,200
1175,97.518882,cloud,200
1176,97.73261,cloud,200
1177,98.400487,cloud,200
1178,96.984263,cloud,200
1179,97.057506,cloud,200
1180,97.534714,cloud,200
1181,97.905163,cloud,200
1182,97.281843,cloud,200
1183,99.252613,cloud,200
1184,97.618059,cloud,200
1185,95.816186,cloud,200
1186,97.91775,cloud,200
1187,94.592757,cloud,200
1188,96.653624,cloud,200
1189,97.352816,cloud,200
1190,96.357576,cloud,200
1191,95.891053,cloud,200
1192,98.194717,cloud,200
1193,95.842335,cloud,200
1194,98.127748,cloud,200
1195,100.283235,cloud,200
1196,98.493665,cloud,200
1197,98.769428,cloud,200
1198,97.384329,cloud,200
1199,98.377594,cloud,200
1200,193.760115,cloud,200
1201,387.283144,cloud,200
1202,385.703817,cloud,200
1203,384.112626,cloud,200
1204,386.594737,cloud,200
1205,384.202137,cloud,200
1206,383.650697,cloud,200
1207,386.652619,cloud,200
1208,386.772952,cloud,200
1209,387.834432,cloud,200
1210,386.511839,cloud,200
1211,388.635629,cloud,200
1212,386.519171,cloud,200
1213,388.536776,cloud,200
1214,387.119524,cloud,200
1215,385.580503,cloud,200
1216,386.471603,cloud,200
1217,385.741169,cloud,200
1218,384.18458,cloud,200
1219,387.496644,cloud,200
1220,387.827725,cloud,200
1221,387.554267,cloud,200
1222,386.438964,cloud,200
1223,387.779038,cloud,200
1224,386.707905,cloud,200
1225,385.300226,cloud,200
1226,385.608629,cloud,200
1227,387.306335,cloud,200
1228,386.26755,cloud,200
1229,386.307255,cloud,200
1230,385.414022,cloud,200
1231,385.731772,cloud,200
1232,385.936275,cloud,200
1233,386.825162,cloud,200
1234,385.297859,cloud,200
1235,384.121158,cloud,200
1236,386.357243,cloud,200
1237,384.457813,cloud,200
1238,114.404859,cloud,200
1239,97.736062,cloud,200
1240,98.022023,cloud,200
1241,98.316923,cloud,200
1242,99.025745,cloud,200
1243,97.874539,cloud,200
1244,98.694843,cloud,200
1245,102.404747,cloud,200
1246,98.673451,cloud,200
1247,98.420857,cloud,200
1248,98.898673,cloud,200
1249,97.656708,cloud,200
1250,96.171018,cloud,200
1251,98.462182,cloud,200
1252,95.25534,cloud,200
1253,99.091671,cloud,200
1254,97.551866,cloud,200
1255,98.348977,cloud,200
1256,97.1575,cloud,200
1257,99.196152,cloud,200
1258,98.200513,cloud,200
1259,99.550281,cloud,200
1260,97.438088,cloud,200
1261,97.626372,cloud,200
1262,97.249436,cloud,200
1263,98.493509,cloud,200
1264,98.632888,cloud,200
1265,96.368869,cloud,200
1266,96.693132,cloud,200
1267,98.597907,cloud,200
1268,97.549397,cloud,200
1269,97.145418,cloud,200
1270,97.363006,cloud,200
1271,98.52253,cloud,200
1272,98.945957,cloud,200
1273,99.599296,cloud,200
1274,97.216255,cloud,200
1275,97.207514,cloud,200
1276,98.884542,cloud,200
1277,100.28737,cloud,200
1278,97.117685,cloud,200
1279,97.313094,cloud,200
1280,100.125752,cloud,200
1281,96.742859,cloud,200
1282,97.213116,cloud,200
1283,98.475093,cloud,200
1284,97.313392,cloud,200
1285,99.654711,cloud,200
1286,98.196781,cloud,200
1287,99.576325,cloud,200
1288,98.771327,cloud,200
1289,97.95759,cloud,200
1290,98.89238,cloud,200
1291,96.825225,cloud,200
1292,96.858226,cloud,200
1293,98.216118,cloud,200
1294,98.232303,cloud,200
1295,96.125823,cloud,200
1296,96.430643,cloud,200
1297,102.427931,cloud,200
1298,97.089943,cloud,200
1299,96.943865,cloud,200
1300,95.074542,cloud,200
1301,94.131324,cloud,200
1302,97.420067,cloud,200
1303,97.114645,cloud,200
1304,97.273298,cloud,200
1305,97.751689,cloud,200
1306,98.089192,cloud,200
1307,95.674382,cloud,200
1308,98.046576,cloud,200
1309,97.078811,cloud,200
1310,97.331388,cloud,200
1311,97.418134,cloud,200
1312,98.91158,cloud,200
1313,97.983988,cloud,200
1314,96.472868,cloud,200
1315,99.095902,cloud,200
1316,96.823083,cloud,200
1317,98.899522,cloud,200
1318,97.259076,cloud,200
1319,97.75393,cloud,200
1320,95.068177,cloud,200
1321,96.657879,cloud,200
1322,96.149078,cloud,200
1323,95.415365,cloud,200
1324,96.053028,cloud,200
1325,96.375547,cloud,200
1326,94.263349,cloud,200
1327,99.327128,cloud,200
1328,96.37157,cloud,200
1329,96.587873,cloud,200
1330,99.865255,cloud,200
1331,98.041459,cloud,200
1332,98.167666,cloud,200
1333,98.332358,cloud,200
1334,98.228417,cloud,200
1335,98.198306,cloud,200
1336,98.355417,cloud,200
1337,97.31953,cloud,200
1338,97.972857,cloud,200
1339,98.258625,cloud,200
1340,94.544642,cloud,200
1341,98.611416,cloud,200
1342,96.596209,cloud,200
1343,98.623823,cloud,200
1344,99.0689,cloud,200
1345,95.603328,cloud,200
1346,97.548678,cloud,200
1347,98.07272,cloud,200
1348,96.774536,cloud,200
1349,99.132763,cloud,200
1350,97.560529,cloud,200
1351,97.560313,cloud,200
1352,96.652074,cloud,200
1353,98.483574,cloud,200
1354,96.296961,cloud,200
1355,96.622708,cloud,200
1356,97.3334,cloud,200
1357,97.775867,cloud,200
1358,102.046566,cloud,200
1359,99.925847,cloud,200
1360,97.111794,cloud,200
1361,99.614853,cloud,200
1362,97.832094,cloud,200
1363,99.350269,cloud,200
1364,100.280419,cloud,200
1365,96.24764,cloud,200
1366,99.432916,cloud,200
1367,100.268885,cloud,200
1368,99.315788,cloud,200
1369,98.880847,cloud,200
1370,97.077389,cloud,200
1371,98.092672,cloud,200
1372,99.066085,cloud,200
1373,97.66859,cloud,200
1374,98.511869,cloud,200
1375,99.671087,cloud,200
1376,97.98888,cloud,200
1377,98.49803,cloud,200
1378,96.108633,cloud,200
1379,96.659637,cloud,200
1380,99.492158,cloud,200
1381,98.465557,cloud,200
1382,98.490509,cloud,200
1383,97.52101,cloud,200
1384,99.57093,cloud,200
1385,97.478088,cloud,200
1386,97.28203,cloud,200
1387,100.17572,cloud,200
1388,97.790078,cloud,200
1389,98.858008,cloud,200
1390,98.854542,cloud,200
1391,98.580487,cloud,200
1392,98.719855,cloud,200
1393,100.031916,cloud,200
1394,99.426619,cloud,200
1395,98.314124,cloud,200
1396,99.210104,cloud,200
1397,97.927675,cloud,200
1398,98.032718,cloud,200
1399,95.89544,cloud,200
1400,96.938553,cloud,200
1401,99.214264,cloud,200
1402,97.941387,cloud,200
1403,97.541745,cloud,200
1404,97.180228,cloud,200
1405,94.822241,cloud,200
1406,99.110661,cloud,200
1407,99.761448,cloud,200
1408,99.325465,cloud,200
1409,97.960361,cloud,200
1410,99.737476,cloud,200
1411,97.521623,cloud,200
1412,97.83348,cloud,200
1413,96.071794,cloud,200
1414,95.886766,cloud,200
1415,96.284724,cloud,200
1416,98.46009,cloud,200
1417,96.739696,cloud,200
1418,95.799824,cloud,200
1419,96.533126,cloud,200
1420,97.062778,cloud,200
1421,97.194829,cloud,200
1422,97.416935,cloud,200
1423,95.777167,cloud,200
1424,98.709991,cloud,200
1425,101.853012,cloud,200
1426,98.246035,cloud,200
1427,95.536515,cloud,200
1428,98.063722,cloud,200
1429,95.849726,cloud,200
1430,98.180597,cloud,200
1431,97.980468,cloud,200
1432,96.20362,cloud,200
1433,96.773223,cloud,200
1434,96.819703,cloud,200
1435,98.490943,cloud,200
1436,100.181225,cloud,200
1437,97.063022,cloud,200
1438,97.811272,cloud,200
1439,97.883407,cloud,200
1440,97.594637,cloud,200
1441,98.545277,cloud,200
1442,96.219471,cloud,200
1443,98.977485,cloud,200
1444,99.289262,cloud,200
1445,99.9219,cloud,200
1446,100.159908,cloud,200
1447,96.912446,cloud,200
1448,97.892833,cloud,200
1449,97.929152,cloud,200
1450,99.31971,cloud,200
1451,96.683059,cloud,200
1452,98.048435,cloud,200
1453,98.339781,cloud,200
1454,97.083054,cloud,200
1455,97.96871,cloud,200
1456,95.635285,cloud,200
1457,99.902248,cloud,200
1458,98.433264,cloud,200
1459,99.316879,cloud,200
1460,97.995424,cloud,200
1461,101.033485,cloud,200
1462,98.055214,cloud,200
1463,99.456082,cloud,200
1464,96.698952,cloud,200
1465,95.476932,cloud,200
1466,98.324923,cloud,200
1467,97.709935,cloud,200
1468,98.15852,cloud,200
1469,98.054801,cloud,200
1470,98.011173,cloud,200
1471,97.250309,cloud,200
1472,99.459483,cloud,200
1473,97.615583,cloud,200
1474,95.507083,cloud,200
1475,99.285522,cloud,200
1476,97.73619,cloud,200
1477,99.291466,cloud,200
1478,98.899827,cloud,200
1479,96.398078,cloud,200
1480,99.027645,cloud,200
1481,98.073411,cloud,200
1482,97.18136,cloud,200
1483,94.269082,cloud,200
1484,98.006243,cloud,200
1485,97.043663,cloud,200
1486,98.807877,cloud,200
1487,97.979921,cloud,200
1488,99.437733,cloud,200
1489,98.775068,cloud,200
1490,96.581321,cloud,200
1491,100.18333,cloud,200
1492,98.370614,cloud,200
1493,100.44043,cloud,200
1494,96.606756,cloud,200
1495,97.171757,cloud,200
1496,96.696788,cloud,200
1497,97.762228,cloud,200
1498,97.904483,cloud,200
1499,96.426315,cloud,200
1500,96.996113,cloud,200
1501,96.60152,cloud,200
1502,97.958487,cloud,200
1503,98.26316,cloud,200
1504,97.181966,cloud,200
1505,98.422804,cloud,200
1506,102.493356,cloud,200
1507,101.723984,cloud,200
1508,100.544769,cloud,200
1509,97.75822,cloud,200
1510,98.966584,cloud,200
1511,98.067973,cloud,200
1512,95.791153,cloud,200
1513,96.755891,cloud,200
1514,96.547081,cloud,200
1515,97.897798,cloud,200
1516,97.426996,cloud,200
1517,99.683985,cloud,200
1518,98.140932,cloud,200
1519,98.763084,cloud,200
1520,98.867692,cloud,200
1521,99.649596,cloud,200
1522,99.280121,cloud,200
1523,98.705617,cloud,200
1524,99.88685,cloud,200
1525,96.842886,cloud,200
1526,97.305122,cloud,200
1527,97.549098,cloud,200
1528,97.934447,cloud,200
1529,98.774604,cloud,200
1530,97.238387,cloud,200
1531,99.160496,cloud,200
1532,97.585802,cloud,200
1533,100.145626,cloud,200
1534,98.358557,cloud,200
1535,99.345369,cloud,200
1536,98.816909,cloud,200
1537,100.424902,cloud,200
1538,98.331353,cloud,200
1539,102.18875,cloud,200
1540,98.789816,cloud,200
1541,99.80238,cloud,200
1542,100.39903,cloud,200
1543,100.681933,cloud,200
1544,100.423203,cloud,200
1545,100.298275,cloud,200
1546,99.340427,cloud,200
1547,98.638142,cloud,200
1548,100.842109,cloud,200
1549,98.888563,cloud,200
1550,97.92099,cloud,200
1551,100.45444,cloud,200
1552,97.604294,cloud,200
1553,97.784603,cloud,200
1554,97.247591,cloud,200
1555,98.795257,cloud,200
1556,98.704866,cloud,200
1557,99.057912,cloud,200
1558,100.504981,cloud,200
1559,101.343774,cloud,200
1560,98.720509,cloud,200
1561,97.570345,cloud,200
1562,99.767046,cloud,200
1563,99.946205,cloud,200
1564,96.320512,cloud,200
1565,98.573592,cloud,200
1566,99.567958,cloud,200
1567,99.201306,cloud,200
1568,100.433773,cloud,200
1569,99.208379,cloud,200
1570,97.766125,cloud,200
1571,99.111759,cloud,200
1572,98.524818,cloud,200
1573,98.703569,cloud,200
1574,100.154748,cloud,200
1575,101.123175,cloud,200
1576,102.244166,cloud,200
1577,100.426877,cloud,200
1578,98.404144,cloud,200
1579,100.138724,cloud,200
1580,95.278774,cloud,200
1581,98.333985,cloud,200
1582,97.211125,cloud,200
1583,98.284758,cloud,200
1584,98.143622,cloud,200
1585,99.556379,cloud,200
1586,101.219462,cloud,200
1587,97.207451,cloud,200
1588,98.188773,cloud,200
1589,99.991684,cloud,200
1590,102.153387,cloud,200
1591,97.530908,cloud,200
1592,98.600707,cloud,200
1593,98.813289,cloud,200
1594,97.294507,cloud,200
1595,97.703064,cloud,200
1596,99.857733,cloud,200
1597,97.179993,cloud,200
1598,97.997091,cloud,200
1599,99.379277,cloud,200
1600,97.298752,cloud,200
1601,96.64026,cloud,200
1602,96.318544,cloud,200
1603,99.905224,cloud,200
1604,96.077481,cloud,200
1605,97.969683,cloud,200
1606,100.251435,cloud,200
1607,99.199397,cloud,200
1608,96.648288,cloud,200
1609,96.193916,cloud,200
1610,98.518156,cloud,200
1611,99.524458,cloud,200
1612,96.505939,cloud,200
1613,99.478555,cloud,200
1614,97.466746,cloud,200
1615,100.144031,cloud,200
1616,97.511387,cloud,200
1617,98.091436,cloud,200
1618,98.725109,cloud,200
1619,96.602011,cloud,200
1620,99.45461,cloud,200
1621,98.080818,cloud,200
1622,99.690705,cloud,200
1623,98.854967,cloud,200
1624,95.697304,cloud,200
1625,98.420165,cloud,200
1626,97.568562,cloud,200
1627,97.215289,cloud,200
1628,98.035634,cloud,200
1629,100.711051,cloud,200
1630,96.929314,cloud,200
1631,96.358708,cloud,200
1632,100.703236,cloud,200
1633,96.959391,cloud,200
1634,96.628871,cloud,200
1635,97.463136,cloud,200
1636,97.653971,cloud,200
1637,95.364324,cloud,200
1638,97.200694,cloud,200
1639,97.625254,cloud,200
1640,95.694341,cloud,200
1641,98.9682,cloud,200
1642,98.608146,cloud,200
1643,98.604203,cloud,200
1644,98.535439,cloud,200
1645,97.41208,cloud,200
1646,97.634085,cloud,200
1647,98.405535,cloud,200
1648,97.924176,cloud,200
1649,99.776576,cloud,200
1650,101.21563,cloud,200
1651,97.163914,cloud,200
1652,97.963301,cloud,200
1653,99.315563,cloud,200
1654,98.349836,cloud,200
1655,97.075124,cloud,200
1656,99.998908,cloud,200
1657,98.219898,cloud,200
1658,97.111692,cloud,200
1659,100.224983,cloud,200
1660,100.562148,cloud,200
1661,99.159405,cloud,200
1662,99.955894,cloud,200
1663,99.00463,cloud,200
1664,98.788816,cloud,200
1665,98.398889,cloud,200
1666,97.986399,cloud,200
1667,98.724744,cloud,200
1668,96.694342,cloud,200
1669,98.513634,cloud,200
1670,98.697929,cloud,200
1671,97.899172,cloud,200
1672,98.143801,cloud,200
1673,99.954804,cloud,200
1674,97.95579,cloud,200
1675,95.187463,cloud,200
1676,98.106413,cloud,200
1677,98.197694,cloud,200
1678,98.280358,cloud,200
1679,98.652845,cloud,200
1680,99.174371,cloud,200
1681,99.323528,cloud,200
1682,96.180339,cloud,200
1683,96.634875,cloud,200
1684,98.802015,cloud,200
1685,96.375044,cloud,200
1686,96.410023,cloud,200
1687,98.897777,cloud,200
1688,98.109672,cloud,200
1689,99.605362,cloud,200
1690,98.870645,cloud,200
1691,97.509305,cloud,200
1692,95.702238,cloud,200
1693,97.322291,cloud,200
1694,97.008838,cloud,200
1695,97.600705,cloud,200
1696,96.901044,cloud,200
1697,96.980444,cloud,200
1698,98.299158,cloud,200
1699,96.606312,cloud,200
1700,98.352113,cloud,200
1701,98.174715,cloud,200
1702,96.580854,cloud,200
1703,97.367123,cloud,200
1704,100.015036,cloud,200
1705,96.927317,cloud,200
1706,98.392172,cloud,200
1707,96.742019,cloud,200
1708,96.817615,cloud,200
1709,97.720521,cloud,200
1710,93.612279,cloud,200
1711,97.372059,cloud,200
1712,97.77798,cloud,200
1713,97.978961,cloud,200
1714,98.299882,cloud,200
1715,99.895048,cloud,200
1716,101.146604,cloud,200
1717,97.208078,cloud,200
1718,97.040163,cloud,200
1719,97.152231,cloud,200
1720,99.673327,cloud,200
1721,98.06331,cloud,200
1722,97.128161,cloud,200
1723,97.658976,cloud,200
1724,98.720372,cloud,200
1725,96.888737,cloud,200
1726,100.684239,cloud,200
1727,98.133913,cloud,200
1728,96.374454,cloud,200
1729,99.705688,cloud,200
1730,97.866562,cloud,200
1731,100.895584,cloud,200
1732,98.995974,cloud,200
1733,96.043612,cloud,200
1734,98.228749,cloud,200
1735,97.52184,cloud,200
1736,98.060855,cloud,200
1737,98.637701,cloud,200
1738,98.91938,cloud,200
1739,99.079479,cloud,200
1740,97.530854,cloud,200
1741,97.712481,cloud,200
1742,98.528566,cloud,200
1743,98.858528,cloud,200
1744,96.231784,cloud,200
1745,97.598971,cloud,200
1746,96.250939,cloud,200
1747,98.508016,cloud,200
1748,101.27186,cloud,200
1749,99.856465,cloud,200
1750,100.067969,cloud,200
1751,98.687278,cloud,200
1752,96.384937,cloud,200
1753,97.653928,cloud,200
1754,96.463653,cloud,200
1755,96.838948,cloud,200
1756,98.966571,cloud,200
1757,100.706879,cloud,200
1758,100.295404,cloud,200
1759,97.349385,cloud,200
1760,96.980257,cloud,200
1761,97.29769,cloud,200
1762,97.086221,cloud,200
1763,98.351223,cloud,200
1764,99.295667,cloud,200
1765,98.815829,cloud,200
1766,97.841254,cloud,200
1767,98.656021,cloud,200
1768,98.22323,cloud,200
1769,98.582786,cloud,200
1770,98.233863,cloud,200
1771,97.030527,cloud,200
1772,96.794435,cloud,200
1773,97.631562,cloud,200
1774,97.772373,cloud,200
1775,97.81171,cloud,200
1776,96.966715,cloud,200
1777,98.282292,cloud,200
1778,99.659929,cloud,200
1779,96.743572,cloud,200
1780,98.314954,cloud,200
1781,99.334598,cloud,200
1782,99.553829,cloud,200
1783,97.633423,cloud,200
1784,101.335881,cloud,200
1785,97.839418,cloud,200
1786,96.504812,cloud,200
1787,98.093525,cloud,200
1788,99.123617,cloud,200
1789,98.702993,cloud,200
1790,98.620395,cloud,200
1791,98.45578,cloud,200
1792,98.813049,cloud,200
1793,97.255017,cloud,200
1794,98.811856,cloud,200
1795,98.395753,cloud,200
1796,98.598284,cloud,200
1797,98.573045,cloud,200
1798,98.376297,cloud,200
1799,98.973346,cloud,200
1800,195.570234,cloud,200
1801,388.765674,cloud,200
1802,385.527542,cloud,200
1803,386.930073,cloud,200
1804,386.240231,cloud,200
1805,385.432338,cloud,200
1806,387.226829,cloud,200
1807,394.001206,cloud,200
1808,387.290002,cloud,200
1809,387.815704,cloud,200
1810,386.024883,cloud,200
1811,385.861644,cloud,200
1812,386.956657,cloud,200
1813,386.46837,cloud,200
1814,385.795935,cloud,200
1815,387.344073,cloud,200
1816,386.86237,cloud,200
1817,387.613833,cloud,200
1818,387.370533,cloud,200
1819,386.217676,cloud,200
1820,387.503358,cloud,200
1821,388.003714,cloud,200
1822,385.067245,cloud,200
1823,391.829276,cloud,200
1824,388.473135,cloud,200
1825,386.186804,cloud,200
1826,389.211211,cloud,200
1827,386.890328,cloud,200
1828,386.23274,cloud,200
1829,386.552752,cloud,200
1830,385.447799,cloud,200
1831,387.729243,cloud,200
1832,385.669596,cloud,200
1833,386.466499,cloud,200
1834,387.110021,cloud,200
1835,387.821498,cloud,200
1836,386.24689,cloud,200
1837,386.306484,cloud,200
1838,107.737858,cloud,200
1839,97.667997,cloud,200
1840,97.297596,cloud,200
1841,97.284118,cloud,200
1842,95.613712,cloud,200
1843,98.487428,cloud,200
1844,98.706302,cloud,200
1845,97.82915,cloud,200
1846,97.756591,cloud,200
1847,98.829914,cloud,200
1848,101.521685,cloud,200
1849,97.7248,cloud,200
1850,98.856217,cloud,200
1851,95.551653,cloud,200
1852,99.314336,cloud,200
1853,100.594761,cloud,200
1854,97.223234,cloud,200
1855,96.223137,cloud,200
1856,99.533841,cloud,200
1857,99.659405,cloud,200
1858,96.985333,cloud,200
1859,98.954023,cloud,200
1860,99.092687,cloud,200
1861,100.48578,cloud,200
1862,96.202303,cloud,200
1863,97.16873,cloud,200
1864,97.414465,cloud,200
1865,95.799248,cloud,200
1866,97.987325,cloud,200
1867,98.302363,cloud,200
1868,99.081687,cloud,200
1869,96.51809,cloud,200
1870,98.966607,cloud,200
1871,98.727382,cloud,200
1872,95.760207,cloud,200
1873,97.313153,cloud,200
1874,97.143188,cloud,200
1875,96.998374,cloud,200
1876,97.382763,cloud,200
1877,98.227039,cloud,200
1878,96.927051,cloud,200
1879,96.337475,cloud,200
1880,98.44218,cloud,200
1881,99.642858,cloud,200
1882,100.625302,cloud,200
1883,97.739342,cloud,200
1884,98.144927,cloud,200
1885,98.246345,cloud,200
1886,112.352803,cloud,200
1887,96.043996,cloud,200
1888,99.774811,cloud,200
1889,97.486954,cloud,200
1890,101.211893,cloud,200
1891,97.667005,cloud,200
1892,98.989787,cloud,200
1893,96.694149,cloud,200
1894,97.170034,cloud,200
1895,97.238129,cloud,200
1896,99.904664,cloud,200
1897,99.093122,cloud,200
1898,97.01837,cloud,200
1899,96.687339,cloud,200
1900,99.376652,cloud,200
1901,98.922884,cloud,200
1902,99.376951,cloud,200
1903,97.890781,cloud,200
1904,96.58623,cloud,200
1905,99.14531,cloud,200
1906,97.847684,cloud,200
1907,99.189041,cloud,200
1908,99.152511,cloud,200
1909,98.280201,cloud,200
1910,97.043123,cloud,200
1911,101.481017,cloud,200
1912,96.639424,cloud,200
1913,99.242853,cloud,200
1914,96.961926,cloud,200
1915,99.084164,cloud,200
1916,98.099156,cloud,200
1917,98.607919,cloud,200
1918,97.570563,cloud,200
1919,97.396364,cloud,200
1920,97.995297,cloud,200
1921,97.035713,cloud,200
1922,97.563042,cloud,200
1923,96.681541,cloud,200
1924,98.251958,cloud,200
1925,97.402673,cloud,200
1926,98.179021,cloud,200
1927,97.669535,cloud,200
1928,96.048942,cloud,200
1929,96.34499,cloud,200
1930,96.9203,cloud,200
1931,98.370734,cloud,200
1932,100.600421,cloud,200
1933,99.455263,cloud,200
1934,94.295735,cloud,200
1935,97.495117,cloud,200
1936,97.955252,cloud,200
1937,98.415803,cloud,200
1938,98.769853,cloud,200
1939,99.002139,cloud,200
1940,95.94956,cloud,200
1941,98.637563,cloud,200
1942,96.409654,cloud,200
1943,97.469707,cloud,200
1944,97.961392,cloud,200
1945,99.279599,cloud,200
1946,98.699875,cloud,200
1947,97.41963,cloud,200
1948,97.243835,cloud,200
1949,99.442742,cloud,200
1950,97.868388,cloud,200
1951,98.086768,cloud,200
1952,99.125283,cloud,200
1953,98.139675,cloud,200
1954,98.543289,cloud,200
1955,96.624105,cloud,200
1956,98.641337,cloud,200
1957,99.231731,cloud,200
1958,100.565366,cloud,200
1959,97.313749,cloud,200
1960,98.94845,cloud,200
1961,98.701983,cloud,200
1962,97.049383,cloud,200
1963,97.780174,cloud,200
1964,99.902527,cloud,200
1965,97.927113,cloud,200
1966,99.060916,cloud,200
1967,98.697504,cloud,200
1968,98.882496,cloud,200
1969,97.528078,cloud,200
1970,97.89653,cloud,200
1971,97.487242,cloud,200
1972,98.268763,cloud,200
1973,98.182304,cloud,200
1974,98.497253,cloud,200
1975,99.888748,cloud,200
1976,97.993303,cloud,200
1977,100.028404,cloud,200
1978,99.533005,cloud,200
1979,99.237829,cloud,200
1980,99.79287,cloud,200
1981,98.316677,cloud,200
1982,99.29843,cloud,200
1983,99.028839,cloud,200
1984,99.880912,cloud,200
1985,97.556417,cloud,200
1986,101.190705,cloud,200
1987,98.755467,cloud,200
1988,101.020877,cloud,200
1989,97.224836,cloud,200
1990,96.906344,cloud,200
1991,95.057447,cloud,200
1992,95.003625,cloud,200
1993,98.325522,cloud,200
1994,98.316242,cloud,200
1995,95.829822,cloud,200
1996,99.494041,cloud,200
1997,100.024139,cloud,200
1998,99.085003,cloud,200
1999,99.651894,cloud,200
2000,98.155861,cloud,200
2001,99.218868,cloud,200
2002,98.471809,cloud,200
2003,97.005624,cloud,200
2004,98.401647,cloud,200
2005,95.884127,cloud,200
2006,96.868045,cloud,200
2007,97.881392,cloud,200
2008,100.670884,cloud,200
2009,98.486683,cloud,200
2010,97.740885,cloud,200
2011,97.336487,cloud,200
2012,98.75388,cloud,200
2013,100.442206,cloud,200
2014,99.387983,cloud,200
2015,98.989904,cloud,200
2016,100.031742,cloud,200
2017,99.59813,cloud,200
2018,97.061187,cloud,200
2019,96.393038,cloud,200
2020,97.889962,cloud,200
2021,96.134632,cloud,200
2022,99.159607,cloud,200
2023,99.202831,cloud,200
2024,98.516141,cloud,200
2025,104.629122,cloud,200
2026,95.602638,cloud,200
2027,95.271542,cloud,200
2028,97.302978,cloud,200
2029,96.750124,cloud,200
2030,97.257156,cloud,200
2031,98.556325,cloud,200
2032,97.713768,cloud,200
2033,94.400312,cloud,200
2034,101.438791,cloud,200
2035,98.781869,cloud,200
2036,101.172707,cloud,200
2037,98.325949,cloud,200
2038,106.453854,cloud,200
2039,99.895354,cloud,200
2040,97.035371,cloud,200
2041,95.500846,cloud,200
2042,101.067422,cloud,200
2043,97.794761,cloud,200
2044,99.685009,cloud,200
2045,97.476392,cloud,200
2046,96.635465,cloud,200
2047,96.100464,cloud,200
2048,99.101408,cloud,200
2049,97.496472,cloud,200
2050,98.414907,cloud,200
2051,97.360385,cloud,200
2052,97.988225,cloud,200
2053,97.130495,cloud,200
2054,96.587896,cloud,200
2055,97.328003,cloud,200
2056,96.75352,cloud,200
2057,98.402348,cloud,200
2058,101.104525,cloud,200
2059,95.848479,cloud,200
2060,97.28665,cloud,200
2061,98.877099,cloud,200
2062,96.938282,cloud,200
2063,95.897119,cloud,200
2064,97.333411,cloud,200
2065,97.916174,cloud,200
2066,98.552583,cloud,200
2067,100.163087,cloud,200
2068,95.869811,cloud,200
2069,95.719811,cloud,200
2070,97.022175,cloud,200
2071,100.432698,cloud,200
2072,99.883502,cloud,200
2073,98.764593,cloud,200
2074,98.374331,cloud,200
2075,99.537576,cloud,200
2076,102.001246,cloud,200
2077,101.324121,cloud,200
2078,101.720233,cloud,200
2079,98.642545,cloud,200
2080,99.283857,cloud,200
2081,98.904354,cloud,200
2082,99.472252,cloud,200
2083,100.486822,cloud,200
2084,99.090572,cloud,200
2085,100.407373,cloud,200
2086,97.109646,cloud,200
2087,97.745136,cloud,200
2088,98.513953,cloud,200
2089,97.944746,cloud,200
2090,100.104482,cloud,200
2091,96.92571,cloud,200
2092,99.059527,cloud,200
2093,99.159341,cloud,200
2094,99.490267,cloud,200
2095,99.314128,cloud,200
2096,101.308878,cloud,200
2097,98.920781,cloud,200
2098,98.508102,cloud,200
2099,98.82021,cloud,200
2100,100.780441,cloud,200
2101,99.67593,cloud,200
2102,99.803051,cloud,200
2103,98.800472,cloud,200
2104,100.65967,cloud,200
2105,97.862916,cloud,200
2106,97.452912,cloud,200
2107,99.986035,cloud,200
2108,98.910815,cloud,200
2109,99.378298,cloud,200
2110,97.32006,cloud,200
2111,99.758234,cloud,200
2112,99.480455,cloud,200
2113,97.917606,cloud,200
2114,102.483394,cloud,200
2115,98.06267,cloud,200
2116,98.300577,cloud,200
2117,98.069928,cloud,200
2118,99.684164,cloud,200
2119,97.549757,cloud,200
2120,100.955214,cloud,200
2121,97.461019,cloud,200
2122,100.590546,cloud,200
2123,100.085305,cloud,200
2124,101.259325,cloud,200
2125,100.88422,cloud,200
2126,101.196363,cloud,200
2127,100.153556,cloud,200
2128,101.893205,cloud,200
2129,98.255059,cloud,200
2130,97.487669,cloud,200
2131,95.822469,cloud,200
2132,97.231627,cloud,200
2133,96.303533,cloud,200
2134,98.319109,cloud,200
2135,97.821008,cloud,200
2136,96.376058,cloud,200
2137,100.183468,cloud,200
2138,98.901413,cloud,200
2139,97.724251,cloud,200
2140,98.673983,cloud,200
2141,94.405458,cloud,200
2142,97.604,cloud,200
2143,98.571525,cloud,200
2144,97.525448,cloud,200
2145,96.277489,cloud,200
2146,95.385921,cloud,200
2147,97.286287,cloud,200
2148,97.597492,cloud,200
2149,96.072287,cloud,200
2150,97.669366,cloud,200
2151,96.841031,cloud,200
2152,96.415936,cloud,200
2153,96.227355,cloud,200
2154,98.172333,cloud,200
2155,96.768345,cloud,200
2156,98.46884,cloud,200
2157,97.401528,cloud,200
2158,98.51811,cloud,200
2159,97.321773,cloud,200
2160,98.415817,cloud,200
2161,97.704643,cloud,200
2162,100.566064,cloud,200
2163,100.316573,cloud,200
2164,96.089434,cloud,200
2165,97.068386,cloud,200
2166,99.230936,cloud,200
2167,99.001496,cloud,200
2168,99.917681,cloud,200
2169,97.638367,cloud,200
2170,98.690937,cloud,200
2171,97.251544,cloud,200
2172,97.289636,cloud,200
2173,96.918431,cloud,200
2174,98.010323,cloud,200
2175,98.409637,cloud,200
2176,98.107239,cloud,200
2177,99.166924,cloud,200
2178,97.282191,cloud,200
2179,99.020595,cloud,200
2180,99.854255,cloud,200
2181,95.893803,cloud,200
2182,99.8214,cloud,200
2183,96.96517,cloud,200
2184,100.776945,cloud,200
2185,96.319407,cloud,200
2186,96.356018,cloud,200
2187,98.049805,cloud,200
2188,97.922298,cloud,200
2189,98.188949,cloud,200
2190,97.452308,cloud,200
2191,100.006913,cloud,200
2192,95.659964,cloud,200
2193,99.612723,cloud,200
2194,98.039124,cloud,200
2195,100.250554,cloud,200
2196,98.010985,cloud,200
2197,97.850744,cloud,200
2198,95.79902,cloud,200
2199,98.770472,cloud,200
2200,99.024956,cloud,200
2201,97.136971,cloud,200
2202,97.819698,cloud,200
2203,97.495235,cloud,200
2204,97.80969,cloud,200
2205,97.628252,cloud,200
2206,97.861757,cloud,200
2207,98.729582,cloud,200
2208,97.634226,cloud,200
2209,96.882241,cloud,200
2210,98.913187,cloud,200
2211,98.846615,cloud,200
2212,98.965484,cloud,200
2213,99.585698,cloud,200
2214,96.659509,cloud,200
2215,98.098291,cloud,200
2216,99.31092,cloud,200
2217,98.001688,cloud,200
2218,96.404645,cloud,200
2219,99.528392,cloud,200
2220,98.649629,cloud,200
2221,96.712078,cloud,200
2222,97.291648,cloud,200
2223,98.129829,cloud,200
2224,98.161964,cloud,200
2225,98.916327,cloud,200
2226,98.693229,cloud,200
2227,99.814503,cloud,200
2228,98.964959,cloud,200
2229,98.233128,cloud,200
2230,99.286864,cloud,200
2231,99.151884,cloud,200
2232,99.983763,cloud,200
2233,98.671566,cloud,200
2234,95.871407,cloud,200
2235,97.119864,cloud,200
2236,96.135064,cloud,200
2237,98.344595,cloud,200
2238,97.998848,cloud,200
2239,98.413103,cloud,200
2240,99.024904,cloud,200
2241,97.619508,cloud,200
2242,98.787151,cloud,200
2243,97.242273,cloud,200
2244,98.764416,cloud,200
2245,97.792448,cloud,200
2246,100.99543,cloud,200
2247,96.057599,cloud,200
2248,97.764351,cloud,200
2249,99.123761,cloud,200
2250,99.387224,cloud,200
2251,101.077585,cloud,200
2252,99.681017,cloud,200
2253,98.248787,cloud,200
2254,99.237864,cloud,200
2255,99.901886,cloud,200
2256,99.406452,cloud,200
2257,98.251161,cloud,200
2258,101.415698,cloud,200
2259,96.971031,cloud,200
2260,97.849033,cloud,200
2261,99.898742,cloud,200
2262,98.567448,cloud,200
2263,98.980139,cloud,200
2264,99.442906,cloud,200
2265,96.972876,cloud,200
2266,100.085909,cloud,200
2267,97.041888,cloud,200
2268,98.758097,cloud,200
2269,96.831743,cloud,200
2270,98.244548,cloud,200
2271,99.300234,cloud,200
2272,99.226212,cloud,200
2273,100.009183,cloud,200
2274,99.799557,cloud,200
2275,98.152421,cloud,200
2276,100.264639,cloud,200
2277,100.691727,cloud,200
2278,101.095005,cloud,200
2279,101.139815,cloud,200
2280,100.875108,cloud,200
2281,100.109124,cloud,200
2282,96.87403,cloud,200
2283,97.184117,cloud,200
2284,97.499683,cloud,200
2285,97.437432,cloud,200
2286,99.542244,cloud,200
2287,95.942261,cloud,200
2288,96.803508,cloud,200
2289,96.634867,cloud,200
2290,97.23758,cloud,200
2291,99.700937,cloud,200
2292,97.219716,cloud,200
2293,97.790316,cloud,200
2294,98.942442,cloud,200
2295,95.963614,cloud,200
2296,97.139157,cloud,200
2297,97.228339,cloud,200
2298,98.558244,cloud,200
2299,98.291109,cloud,200
2300,95.790756,cloud,200
2301,99.642459,cloud,200
2302,97.284058,cloud,200
2303,99.445225,cloud,200
2304,101.494383,cloud,200
2305,98.69151,cloud,200
2306,97.676985,cloud,200
2307,98.413173,cloud,200
2308,97.381725,cloud,200
2309,97.60747,cloud,200
2310,99.861725,cloud,200
2311,100.276272,cloud,200
2312,98.159406,cloud,200
2313,98.521387,cloud,200
2314,96.622283,cloud,200
2315,99.313922,cloud,200
2316,97.684782,cloud,200
2317,95.841398,cloud,200
2318,98.181646,cloud,200
2319,97.1514,cloud,200
2320,98.142144,cloud,200
2321,98.245977,cloud,200
2322,99.809006,cloud,200
2323,98.289978,cloud,200
2324,100.636732,cloud,200
2325,99.743579,cloud,200
2326,98.63912,cloud,200
2327,99.356269,cloud,200
2328,97.180601,cloud,200
2329,98.80723,cloud,200
2330,97.516031,cloud,200
2331,99.118254,cloud,200
2332,96.923006,cloud,200
2333,98.548411,cloud,200
2334,99.162762,cloud,200
2335,98.900804,cloud,200
2336,95.885173,cloud,200
2337,99.265637,cloud,200
2338,98.31102,cloud,200
2339,97.225424,cloud,200
2340,98.247215,cloud,200
2341,96.093416,cloud,200
2342,97.08503,cloud,200
2343,97.724463,cloud,200
2344,96.279747,cloud,200
2345,97.311202,cloud,200
2346,99.572042,cloud,200
2347,99.916247,cloud,200
2348,99.000996,cloud,200
2349,97.504272,cloud,200
2350,98.766676,cloud,200
2351,97.793294,cloud,200
2352,100.044806,cloud,200
2353,97.639003,cloud,200
2354,100.442013,cloud,200
2355,97.639053,cloud,200
2356,99.082418,cloud,200
2357,98.771636,cloud,200
2358,95.669181,cloud,200
2359,97.344244,cloud,200
2360,96.162543,cloud,200
2361,98.665603,cloud,200
2362,98.476308,cloud,200
2363,99.176623,cloud,200
2364,99.108263,cloud,200
2365,98.60886,cloud,200
2366,97.157385,cloud,200
2367,96.65556,cloud,200
2368,97.855823,cloud,200
2369,99.34321,cloud,200
2370,98.387641,cloud,200
2371,96.726852,cloud,200
2372,101.219259,cloud,200
2373,97.931928,cloud,200
2374,97.33876,cloud,200
2375,97.259072,cloud,200
2376,96.741081,cloud,200
2377,97.706887,cloud,200
2378,97.713765,cloud,200
2379,100.8856,cloud,200
2380,95.816289,cloud,200
2381,97.080643,cloud,200
2382,98.295333,cloud,200
2383,99.019318,cloud,200
2384,100.104956,cloud,200
2385,97.17274,cloud,200
2386,97.782318,cloud,200
2387,97.368324,cloud,200
2388,97.65537,cloud,200
2389,98.102754,cloud,200
2390,97.747742,cloud,200
2391,98.590141,cloud,200
2392,100.60111,cloud,200
2393,99.88207,cloud,200
2394,98.493377,cloud,200
2395,98.48566,cloud,200
2396,102.429054,cloud,200
2397,98.809471,cloud,200
2398,98.233419,cloud,200
2399,99.571991,cloud,200
2400,194.142608,cloud,200
2401,387.927389,cloud,200
2402,386.618967,cloud,200
2403,387.354731,cloud,200
2404,386.116161,cloud,200
2405,387.212152,cloud,200
2406,386.574753,cloud,200
2407,391.633323,cloud,200
2408,386.569384,cloud,200
2409,389.273399,cloud,200
2410,386.942648,cloud,200
2411,386.123512,cloud,200
2412,385.868147,cloud,200
2413,386.879449,cloud,200
2414,384.798183,cloud,200
2415,385.529081,cloud,200
2416,386.817799,cloud,200
2417,385.71873,cloud,200
2418,386.689963,cloud,200
2419,385.405489,cloud,200
2420,389.420703,cloud,200
2421,387.613856,cloud,200
2422,385.511895,cloud,200
2423,387.615689,cloud,200
2424,386.675943,cloud,200
2425,384.859623,cloud,200
2426,386.263727,cloud,200
2427,387.279679,cloud,200
2428,385.48218,cloud,200
2429,387.252044,cloud,200
2430,386.257918,cloud,200
2431,387.72679,cloud,200
2432,385.041329,cloud,200
2433,384.566567,cloud,200
2434,387.730239,cloud,200
2435,386.035601,cloud,200
2436,384.864775,cloud,200
2437,386.837276,cloud,200
2438,110.285529,cloud,200
2439,98.144964,cloud,200
2440,99.575453,cloud,200
2441,97.991991,cloud,200
2442,97.690904,cloud,200
2443,110.399227,cloud,200
2444,97.82187,cloud,200
2445,96.634631,cloud,200
2446,98.981789,cloud,200
2447,97.112181,cloud,200
2448,98.365575,cloud,200
2449,99.329026,cloud,200
2450,98.711357,cloud,200
2451,98.633578,cloud,200
2452,98.019452,cloud,200
2453,97.530663,cloud,200
2454,97.98045,cloud,200
2455,98.987829,cloud,200
2456,98.845685,cloud,200
2457,95.796067,cloud,200
2458,97.633622,cloud,200
2459,104.805318,cloud,200
2460,98.943813,cloud,200
2461,96.241919,cloud,200
2462,99.786237,cloud,200
2463,98.646146,cloud,200
2464,99.64089,cloud,200
2465,98.536587,cloud,200
2466,97.783919,cloud,200
2467,98.655483,cloud,200
2468,100.881681,cloud,200
2469,98.406148,cloud,200
2470,98.204765,cloud,200
2471,98.119448,cloud,200
2472,97.463935,cloud,200
2473,95.854715,cloud,200
2474,97.971283,cloud,200
2475,96.091113,cloud,200
2476,98.932759,cloud,200
2477,97.617469,cloud,200
2478,98.581533,cloud,200
2479,95.835997,cloud,200
2480,98.865629,cloud,200
2481,101.813749,cloud,200
2482,97.829866,cloud,200
2483,98.215712,cloud,200
2484,97.562592,cloud,200
2485,97.695447,cloud,200
2486,98.062399,cloud,200
2487,96.210716,cloud,200
2488,99.851027,cloud,200
2489,97.336448,cloud,200
2490,99.196659,cloud,200
2491,99.668183,cloud,200
2492,97.981744,cloud,200
2493,98.416806,cloud,200
2494,95.678102,cloud,200
2495,98.306377,cloud,200
2496,97.074663,cloud,200
2497,98.087488,cloud,200
2498,97.379769,cloud,200
2499,101.92148,cloud,200
2500,97.864711,cloud,200
2501,97.02368,cloud,200
2502,96.402129,cloud,200
2503,95.09929,cloud,200
2504,96.14256,cloud,200
2505,98.664019,cloud,200
2506,100.132335,cloud,200
2507,97.321924,cloud,200
2508,97.269982,cloud,200
2509,98.814153,cloud,200
2510,95.723573,cloud,200
2511,98.185066,cloud,200
2512,100.863943,cloud,200
2513,97.912047,cloud,200
2514,99.176403,cloud,200
2515,97.497023,cloud,200
2516,97.945366,cloud,200
2517,96.341879,cloud,200
2518,98.787677,cloud,200
2519,95.14223,cloud,200
2520,95.007556,cloud,200
2521,99.059822,cloud,200
2522,97.748117,cloud,200
2523,97.710617,cloud,200
2524,97.889194,cloud,200
2525,96.535686,cloud,200
2526,96.317679,cloud,200
2527,98.358895,cloud,200
2528,98.303504,cloud,200
2529,97.752198,cloud,200
2530,97.803732,cloud,200
2531,98.106894,cloud,200
2532,98.656853,cloud,200
2533,103.53507,cloud,200
2534,98.030609,cloud,200
2535,98.991119,cloud,200
2536,100.00019,cloud,200
2537,100.714429,cloud,200
2538,97.467107,cloud,200
2539,99.384553,cloud,200
2540,100.117053,cloud,200
2541,97.197764,cloud,200
2542,98.133866,cloud,200
2543,98.67332,cloud,200
2544,98.207251,cloud,200
2545,95.849608,cloud,200
2546,98.778518,cloud,200
2547,98.492005,cloud,200
2548,96.418648,cloud,200
2549,97.343319,cloud,200
2550,98.309852,cloud,200
2551,99.316023,cloud,200
2552,97.154993,cloud,200
2553,97.971298,cloud,200
2554,96.331462,cloud,200
2555,99.935238,cloud,200
2556,98.497523,cloud,200
2557,97.770158,cloud,200
2558,97.707556,cloud,200
2559,99.105861,cloud,200
2560,97.324568,cloud,200
2561,98.335358,cloud,200
2562,97.912773,cloud,200
2563,97.289572,cloud,200
2564,97.558817,cloud,200
2565,99.595395,cloud,200
2566,97.293417,cloud,200
2567,98.540529,cloud,200
2568,97.514439,cloud,200
2569,96.235544,cloud,200
2570,99.135563,cloud,200
2571,100.147248,cloud,200
2572,97.432916,cloud,200
2573,97.789285,cloud,200
2574,97.860352,cloud,200
2575,101.643936,cloud,200
2576,98.357772,cloud,200
2577,96.13336,cloud,200
2578,97.633661,cloud,200
2579,97.04305,cloud,200
2580,98.133917,cloud,200
2581,97.216318,cloud,200
2582,97.520413,cloud,200
2583,100.286036,cloud,200
2584,97.106029,cloud,200
2585,98.000751,cloud,200
2586,99.175633,cloud,200
2587,96.758448,cloud,200
2588,100.357815,cloud,200
2589,97.578327,cloud,200
2590,96.110348,cloud,200
2591,97.278709,cloud,200
2592,98.677045,cloud,200
2593,99.856975,cloud,200
2594,99.12733,cloud,200
2595,104.119287,cloud,200
2596,98.074461,cloud,200
2597,96.78153,cloud,200
2598,99.0043,cloud,200
2599,97.070726,cloud,200
2600,98.427573,cloud,200
2601,97.89012,cloud,200
2602,97.323557,cloud,200
2603,97.639969,cloud,200
2604,97.564394,cloud,200
2605,98.391837,cloud,200
2606,100.428818,cloud,200
2607,97.870575,cloud,200
2608,97.10057,cloud,200
2609,97.045758,cloud,200
2610,97.631927,cloud,200
2611,99.160338,cloud,200
2612,100.471053,cloud,200
2613,99.134112,cloud,200
2614,96.445181,cloud,200
2615,98.478292,cloud,200
2616,98.00484,cloud,200
2617,99.801438,cloud,200
2618,98.097716,cloud,200
2619,94.878691,cloud,200
2620,94.86505,cloud,200
2621,99.052936,cloud,200
2622,98.686021,cloud,200
2623,96.59322,cloud,200
2624,96.334948,cloud,200
2625,98.937501,cloud,200
2626,98.211891,cloud,200
2627,97.778051,cloud,200
2628,97.721753,cloud,200
2629,97.153956,cloud,200
2630,96.47479,cloud,200
2631,98.962524,cloud,200
2632,98.158371,cloud,200
2633,96.370399,cloud,200
2634,95.649631,cloud,200
2635,97.50745,cloud,200
2636,96.853519,cloud,200
2637,96.923199,cloud,200
2638,96.746579,cloud,200
2639,96.000028,cloud,200
2640,98.033804,cloud,200
2641,99.185001,cloud,200
2642,96.896748,cloud,200
2643,97.519854,cloud,200
2644,96.880707,cloud,200
2645,97.705875,cloud,200
2646,99.427628,cloud,200
2647,99.095563,cloud,200
2648,100.170792,cloud,200
2649,98.550391,cloud,200
2650,96.337739,cloud,200
2651,98.362662,cloud,200
2652,96.989532,cloud,200
2653,95.298827,cloud,200
2654,99.352098,cloud,200
2655,98.7967,cloud,200
2656,96.950952,cloud,200
2657,99.026364,cloud,200
2658,96.249295,cloud,200
2659,98.348953,cloud,200
2660,97.803657,cloud,200
2661,99.933186,cloud,200
2662,98.488296,cloud,200
2663,98.242813,cloud,200
2664,98.092722,cloud,200
2665,97.471365,cloud,200
2666,99.437323,cloud,200
2667,97.453365,cloud,200
2668,96.872313,cloud,200
2669,95.791545,cloud,200
2670,98.546762,cloud,200
2671,97.894458,cloud,200
2672,99.117168,cloud,200
2673,97.473651,cloud,200
2674,96.234441,cloud,200
2675,96.263833,cloud,200
2676,95.792406,cloud,200
2677,97.711839,cloud,200
2678,100.720268,cloud,200
2679,97.462255,cloud,200
2680,97.487997,cloud,200
2681,100.37817,cloud,200
2682,96.576129,cloud,200
2683,96.817016,cloud,200
2684,99.11531,cloud,200
2685,98.34302,cloud,200
2686,95.968061,cloud,200
2687,97.884693,cloud,200
2688,98.859897,cloud,200
2689,95.515621,cloud,200
2690,96.585167,cloud,200
2691,96.257361,cloud,200
2692,98.176175,cloud,200
2693,97.676685,cloud,200
2694,96.505906,cloud,200
2695,97.59311,cloud,200
2696,99.844483,cloud,200
2697,95.6387,cloud,200
2698,95.874958,cloud,200
2699,97.438981,cloud,200
2700,99.421759,cloud,200
2701,97.828504,cloud,200
2702,98.288006,cloud,200
2703,95.500919,cloud,200
2704,98.849569,cloud,200
2705,96.776192,cloud,200
2706,98.071065,cloud,200
2707,98.371338,cloud,200
2708,96.690587,cloud,200
2709,97.830908,cloud,200
2710,96.883733,cloud,200
2711,97.107666,cloud,200
2712,98.596231,cloud,200
2713,99.370461,cloud,200
2714,97.577727,cloud,200
2715,96.376298,cloud,200
2716,96.8603,cloud,200
2717,97.884234,cloud,200
2718,96.221101,cloud,200
2719,99.094965,cloud,200
2720,99.262995,cloud,200
2721,98.748185,cloud,200
2722,98.018055,cloud,200
2723,96.558988,cloud,200
2724,99.607153,cloud,200
2725,97.5834,cloud,200
2726,96.505153,cloud,200
2727,98.724065,cloud,200
2728,99.684229,cloud,200
2729,98.924744,cloud,200
2730,98.994951,cloud,200
2731,98.394062,cloud,200
2732,97.341076,cloud,200
2733,97.754315,cloud,200
2734,96.871637,cloud,200
2735,97.04791,cloud,200
2736,97.193718,cloud,200
2737,99.264683,cloud,200
2738,97.848981,cloud,200
2739,96.99926,cloud,200
2740,96.358091,cloud,200
2741,98.815842,cloud,200
2742,98.2307,cloud,200
2743,100.881275,cloud,200
2744,97.689225,cloud,200
2745,96.306443,cloud,200
2746,96.905626,cloud,200
2747,98.380512,cloud,200
2748,96.154107,cloud,200
2749,97.158887,cloud,200
2750,99.141899,cloud,200
2751,97.170222,cloud,200
2752,96.679686,cloud,200
2753,99.341162,cloud,200
2754,98.607426,cloud,200
2755,97.20595,cloud,200
2756,100.542235,cloud,200
2757,97.777525,cloud,200
2758,97.749296,cloud,200
2759,99.638981,cloud,200
2760,99.565377,cloud,200
2761,97.635972,cloud,200
2762,100.61806,cloud,200
2763,97.459217,cloud,200
2764,100.319315,cloud,200
2765,100.60986,cloud,200
2766,99.001504,cloud,200
2767,99.980533,cloud,200
2768,99.24959,cloud,200
2769,100.485783,cloud,200
2770,96.91181,cloud,200
2771,98.67605,cloud,200
2772,96.380268,cloud,200
2773,97.357964,cloud,200
2774,99.084552,cloud,200
2775,98.989108,cloud,200
2776,99.813297,cloud,200
2777,98.746734,cloud,200
2778,98.464991,cloud,200
2779,99.348848,cloud,200
2780,98.470508,cloud,200
2781,102.793023,cloud,200
2782,99.349801,cloud,200
2783,99.252585,cloud,200
2784,98.326772,cloud,200
2785,102.497689,cloud,200
2786,99.955648,cloud,200
2787,98.428933,cloud,200
2788,99.662834,cloud,200
2789,101.283971,cloud,200
2790,99.078421,cloud,200
2791,99.662628,cloud,200
2792,100.686979,cloud,200
2793,98.872008,cloud,200
2794,100.242169,cloud,200
2795,99.428308,cloud,200
2796,97.21644,cloud,200
2797,99.610222,cloud,200
2798,95.980827,cloud,200
2799,96.907425,cloud,200
2800,100.257167,cloud,200
2801,100.725117,cloud,200
2802,103.539142,cloud,200
2803,98.975853,cloud,200
2804,97.29732,cloud,200
2805,98.236226,cloud,200
2806,101.705675,cloud,200
2807,98.951159,cloud,200
2808,97.52761,cloud,200
2809,98.649547,cloud,200
2810,100.647653,cloud,200
2811,98.6911,cloud,200
2812,100.255238,cloud,200
2813,98.370738,cloud,200
2814,99.206993,cloud,200
2815,98.161992,cloud,200
2816,101.637087,cloud,200
2817,100.305737,cloud,200
2818,98.880555,cloud,200
2819,97.168308,cloud,200
2820,100.116609,cloud,200
2821,99.203156,cloud,200
2822,100.031091,cloud,200
2823,99.267649,cloud,200
2824,100.13415,cloud,200
2825,99.207311,cloud,200
2826,98.117479,cloud,200
2827,99.467654,cloud,200
2828,101.756573,cloud,200
2829,99.009553,cloud,200
2830,102.009353,cloud,200
2831,102.448722,cloud,200
2832,99.068696,cloud,200
2833,98.635547,cloud,200
2834,100.135739,cloud,200
2835,100.184755,cloud,200
2836,96.93739,cloud,200
2837,98.611454,cloud,200
2838,98.845394,cloud,200
2839,98.400691,cloud,200
2840,98.15098,cloud,200
2841,99.729726,cloud,200
2842,99.525926,cloud,200
2843,98.627227,cloud,200
2844,98.638005,cloud,200
2845,97.122936,cloud,200
2846,100.511704,cloud,200
2847,99.151748,cloud,200
2848,96.932037,cloud,200
2849,99.399815,cloud,200
2850,98.29618,cloud,200
2851,98.937247,cloud,200
2852,98.933686,cloud,200
2853,98.88588,cloud,200
2854,98.430621,cloud,200
2855,98.003305,cloud,200
2856,98.402787,cloud,200
2857,97.175285,cloud,200
2858,98.84446,cloud,200
2859,97.13185,cloud,200
2860,98.786168,cloud,200
2861,97.559577,cloud,200
2862,99.656716,cloud,200
2863,99.590005,cloud,200
2864,98.163941,cloud,200
2865,98.704918,cloud,200
2866,96.30938,cloud,200
2867,98.79329,cloud,200
2868,96.875168,cloud,200
2869,98.577528,cloud,200
2870,99.650109,cloud,200
2871,96.517405,cloud,200
2872,97.868134,cloud,200
2873,101.155359,cloud,200
2874,96.732763,cloud,200
2875,99.163386,cloud,200
2876,99.855672,cloud,200
2877,99.044606,cloud,200
2878,98.966659,cloud,200
2879,97.982644,cloud,200
2880,100.679412,cloud,200
2881,98.387095,cloud,200
2882,100.405398,cloud,200
2883,98.279755,cloud,200
2884,99.067697,cloud,200
2885,98.483838,cloud,200
2886,98.628664,cloud,200
2887,99.108497,cloud,200
2888,99.068323,cloud,200
2889,98.08408,cloud,200
2890,99.061025,cloud,200
2891,97.770859,cloud,200
2892,99.770331,cloud,200
2893,100.017501,cloud,200
2894,97.693963,cloud,200
2895,98.425431,cloud,200
2896,98.290268,cloud,200
2897,98.569175,cloud,200
2898,98.624693,cloud,200
2899,98.179839,cloud,200
2900,97.332585,cloud,200
2901,96.790154,cloud,200
2902,97.626367,cloud,200
2903,99.411814,cloud,200
2904,101.432927,cloud,200
2905,98.715984,cloud,200
2906,99.178567,cloud,200
2907,99.306593,cloud,200
2908,100.302551,cloud,200
2909,97.324223,cloud,200
2910,97.864843,cloud,200
2911,104.402837,cloud,200
2912,95.696856,cloud,200
2913,100.173921,cloud,200
2914,97.339918,cloud,200
2915,98.153629,cloud,200
2916,98.171824,cloud,200
2917,97.49494,cloud,200
2918,100.144895,cloud,200
2919,95.499604,cloud,200
2920,97.415143,cloud,200
2921,98.961022,cloud,200
2922,98.585312,cloud,200
2923,98.143192,cloud,200
2924,98.930281,cloud,200
2925,98.279665,cloud,200
2926,97.305706,cloud,200
2927,100.705966,cloud,200
2928,99.261733,cloud,200
2929,99.903426,cloud,200
2930,98.81957,cloud,200
2931,97.293012,cloud,200
2932,98.856785,cloud,200
2933,98.475063,cloud,200
2934,97.669579,cloud,200
2935,100.521377,cloud,200
2936,99.521846,cloud,200
2937,98.636804,cloud,200
2938,98.146824,cloud,200
2939,97.85161,cloud,200
2940,99.127581,cloud,200
2941,98.363224,cloud,200
2942,98.850116,cloud,200
2943,97.712441,cloud,200
2944,98.787549,cloud,200
2945,100.392621,cloud,200
2946,100.810201,cloud,200
2947,97.434716,cloud,200
2948,97.951532,cloud,200
2949,98.237675,cloud,200
2950,100.181642,cloud,200
2951,100.046881,cloud,200
2952,97.40452,cloud,200
2953,100.604378,cloud,200
2954,98.666773,cloud,200
2955,99.47054,cloud,200
2956,99.335752,cloud,200
2957,97.805428,cloud,200
2958,98.077794,cloud,200
2959,97.925702,cloud,200
2960,100.22932,cloud,200
2961,97.351625,cloud,200
2962,99.883178,cloud,200
2963,99.343983,cloud,200
2964,98.751419,cloud,200
2965,98.283571,cloud,200
2966,98.836272,cloud,200
2967,99.132573,cloud,200
2968,96.674597,cloud,200
2969,97.43338,cloud,200
2970,97.387129,cloud,200
2971,98.002437,cloud,200
2972,101.796974,cloud,200
2973,97.937012,cloud,200
2974,97.620564,cloud,200
2975,95.932435,cloud,200
2976,98.586566,cloud,200
2977,99.226611,cloud,200
2978,98.481296,cloud,200
2979,100.182945,cloud,200
2980,96.690129,cloud,200
2981,96.674762,cloud,200
2982,99.337426,cloud,200
2983,98.830201,cloud,200
2984,98.618648,cloud,200
2985,97.51061,cloud,200
2986,97.118046,cloud,200
2987,98.778224,cloud,200
2988,99.15401,cloud,200
2989,97.323011,cloud,200
2990,96.888046,cloud,200
2991,98.06851,cloud,200
2992,96.61227,cloud,200
2993,100.137686,cloud,200
2994,98.769941,cloud,200
2995,96.112583,cloud,200
2996,97.955187,cloud,200
2997,99.454317,cloud,200
2998,97.810609,cloud,200
2999,98.286039,cloud,200
3000,198.970515,cloud,200
3001,387.357495,cloud,200
3002,387.739379,cloud,200
3003,387.038186,cloud,200
3004,387.79181,cloud,200
3005,388.057318,cloud,200
3006,394.527791,cloud,200
3007,387.063316,cloud,200
3008,390.749185,cloud,200
3009,388.406638,cloud,200
3010,385.926837,cloud,200
3011,386.935933,cloud,200
3012,386.269743,cloud,200
3013,388.031575,cloud,200
3014,389.305963,cloud,200
3015,388.930776,cloud,200
3016,386.377341,cloud,200
3017,386.337082,cloud,200
3018,384.670679,cloud,200
3019,387.096785,cloud,200
3020,386.843097,cloud,200
3021,385.994111,cloud,200
3022,387.829546,cloud,200
3023,386.459424,cloud,200
3024,387.429491,cloud,200
3025,386.496389,cloud,200
3026,386.616615,cloud,200
3027,386.713996,cloud,200
3028,386.693332,cloud,200
3029,386.487952,cloud,200
3030,387.659003,cloud,200
3031,386.983257,cloud,200
3032,385.99577,cloud,200
3033,388.604794,cloud,200
3034,387.065444,cloud,200
3035,385.71255,cloud,200
3036,385.867632,cloud,200
3037,386.742326,cloud,200
3038,111.286699,cloud,200
3039,100.83581,cloud,200
3040,97.968827,cloud,200
3041,97.796372,cloud,200
3042,97.81281,cloud,200
3043,95.707444,cloud,200
3044,98.003034,cloud,200
3045,101.788006,cloud,200
3046,98.803723,cloud,200
3047,100.347602,cloud,200
3048,98.129785,cloud,200
3049,97.580032,cloud,200
3050,97.304417,cloud,200
3051,98.983315,cloud,200
3052,99.567013,cloud,200
3053,99.164537,cloud,200
3054,98.766209,cloud,200
3055,97.206126,cloud,200
3056,99.975978,cloud,200
3057,99.122035,cloud,200
3058,97.104867,cloud,200
3059,97.331363,cloud,200
3060,100.674645,cloud,200
3061,97.020835,cloud,200
3062,98.89257,cloud,200
3063,97.782569,cloud,200
3064,98.103938,cloud,200
3065,97.232283,cloud,200
3066,99.014958,cloud,200
3067,101.47659,cloud,200
3068,96.892148,cloud,200
3069,98.885995,cloud,200
3070,100.049565,cloud,200
3071,100.562736,cloud,200
3072,98.077767,cloud,200
3073,98.07348,cloud,200
3074,99.079871,cloud,200
3075,97.717173,cloud,200
3076,98.884467,cloud,200
3077,97.140133,cloud,200
3078,97.501909,cloud,200
3079,97.632913,cloud,200
3080,98.15164,cloud,200
3081,98.502474,cloud,200
3082,98.025583,cloud,200
3083,97.853634,cloud,200
3084,96.787548,cloud,200
3085,98.176646,cloud,200
3086,101.352695,cloud,200
3087,97.756741,cloud,200
3088,97.703609,cloud,200
3089,101.934469,cloud,200
3090,97.491082,cloud,200
3091,98.517602,cloud,200
3092,96.556756,cloud,200
3093,97.243425,cloud,200
3094,99.085578,cloud,200
3095,99.639095,cloud,200
3096,97.146389,cloud,200
3097,98.678231,cloud,200
3098,99.229164,cloud,200
3099,99.311629,cloud,200
3100,98.697513,cloud,200
3101,98.179523,cloud,200
3102,98.041453,cloud,200
3103,96.208109,cloud,200
3104,98.027427,cloud,200
3105,96.692815,cloud,200
3106,98.181724,cloud,200
3107,98.0519,cloud,200
3108,99.120868,cloud,200
3109,97.170853,cloud,200
3110,99.187381,cloud,200
3111,99.255092,cloud,200
3112,98.876164,cloud,200
3113,96.679115,cloud,200
3114,98.290137,cloud,200
3115,98.923695,cloud,200
3116,99.7742,cloud,200
3117,98.132094,cloud,200
3118,97.98123,cloud,200
3119,97.412203,cloud,200
3120,101.943362,cloud,200
3121,99.205728,cloud,200
3122,97.828865,cloud,200
3123,98.169691,cloud,200
3124,98.204959,cloud,200
3125,99.136526,cloud,200
3126,99.287757,cloud,200
3127,99.971097,cloud,200
3128,98.657661,cloud,200
3129,99.817727,cloud,200
3130,98.583708,cloud,200
3131,102.778054,cloud,200
3132,98.340246,cloud,200
3133,97.452139,cloud,200
3134,97.659108,cloud,200
3135,97.883959,cloud,200
3136,99.315433,cloud,200
3137,98.056863,cloud,200
3138,102.515104,cloud,200
3139,99.775308,cloud,200
3140,100.758138,cloud,200
3141,98.018634,cloud,200
3142,97.141215,cloud,200
3143,99.791543,cloud,200
3144,98.120738,cloud,200
3145,99.440172,cloud,200
3146,98.451643,cloud,200
3147,101.124381,cloud,200
3148,98.980322,cloud,200
3149,100.722991,cloud,200
3150,98.363935,cloud,200
3151,98.422943,cloud,200
3152,97.307088,cloud,200
3153,97.82345,cloud,200
3154,98.187362,cloud,200
3155,97.652471,cloud,200
3156,98.429382,cloud,200
3157,97.847623,cloud,200
3158,97.022695,cloud,200
3159,98.473632,cloud,200
3160,98.16573,cloud,200
3161,99.729781,cloud,200
3162,100.370635,cloud,200
3163,100.222776,cloud,200
3164,98.89861,cloud,200
3165,97.699667,cloud,200
3166,97.938629,cloud,200
3167,100.102817,cloud,200
3168,99.938418,cloud,200
3169,99.150282,cloud,200
3170,98.346607,cloud,200
3171,97.848293,cloud,200
3172,98.725209,cloud,200
3173,99.754901,cloud,200
3174,95.262707,cloud,200
3175,96.913907,cloud,200
3176,98.811629,cloud,200
3177,98.341014,cloud,200
3178,98.938779,cloud,200
3179,101.06338,cloud,200
3180,98.718647,cloud,200
3181,97.037396,cloud,200
3182,102.005079,cloud,200
3183,98.40216,cloud,200
3184,97.359366,cloud,200
3185,96.202243,cloud,200
3186,97.985371,cloud,200
3187,99.707954,cloud,200
3188,101.157869,cloud,200
3189,96.755639,cloud,200
3190,98.867504,cloud,200
3191,98.764758,cloud,200
3192,99.943093,cloud,200
3193,98.861645,cloud,200
3194,95.465552,cloud,200
3195,93.964376,cloud,200
3196,97.867361,cloud,200
3197,99.329641,cloud,200
3198,100.405285,cloud,200
3199,98.830103,cloud,200
3200,98.799686,cloud,200
3201,99.660006,cloud,200
3202,101.225885,cloud,200
3203,98.41305,cloud,200
3204,97.118628,cloud,200
3205,100.287539,cloud,200
3206,96.823992,cloud,200
3207,99.814415,cloud,200
3208,97.362331,cloud,200
3209,98.198386,cloud,200
3210,100.614277,cloud,200
3211,99.756743,cloud,200
3212,97.216452,cloud,200
3213,98.706222,cloud,200
3214,97.274388,cloud,200
3215,99.658023,cloud,200
3216,97.27277,cloud,200
3217,97.504098,cloud,200
3218,97.976972,cloud,200
3219,98.750093,cloud,200
3220,97.897183,cloud,200
3221,97.930685,cloud,200
3222,98.302204,cloud,200
3223,98.372913,cloud,200
3224,97.863279,cloud,200
3225,96.784645,cloud,200
3226,97.973885,cloud,200
3227,101.357277,cloud,200
3228,98.42767,cloud,200
3229,97.648755,cloud,200
3230,95.899998,cloud,200
3231,96.674639,cloud,200
3232,96.440403,cloud,200
3233,95.949641,cloud,200
3234,99.635041,cloud,200
3235,99.538838,cloud,200
3236,100.463966,cloud,200
3237,100.63234,cloud,200
3238,98.085525,cloud,200
3239,98.374241,cloud,200
3240,97.984918,cloud,200
3241,97.407638,cloud,200
3242,99.253852,cloud,200
3243,97.292405,cloud,200
3244,101.258813,cloud,200
3245,98.068606,cloud,200
3246,97.05038,cloud,200
3247,101.021872,cloud,200
3248,99.533672,cloud,200
3249,97.884191,cloud,200
3250,96.488638,cloud,200
3251,98.012796,cloud,200
3252,96.31903,cloud,200
3253,98.445235,cloud,200
3254,99.971896,cloud,200
3255,97.282009,cloud,200
3256,96.825909,cloud,200
3257,102.175827,cloud,200
3258,97.36198,cloud,200
3259,99.543287,cloud,200
3260,100.427947,cloud,200
3261,101.032283,cloud,200
3262,100.214623,cloud,200
3263,98.064005,cloud,200
3264,99.478124,cloud,200
3265,98.918678,cloud,200
3266,98.074427,cloud,200
3267,100.252375,cloud,200
3268,97.474859,cloud,200
3269,100.245569,cloud,200
3270,97.872555,cloud,200
3271,99.436363,cloud,200
3272,99.262107,cloud,200
3273,98.110587,cloud,200
3274,96.385666,cloud,200
3275,97.943235,cloud,200
3276,100.142201,cloud,200
3277,96.895895,cloud,200
3278,99.971461,cloud,200
3279,98.691819,cloud,200
3280,100.055537,cloud,200
3281,99.480247,cloud,200
3282,97.177878,cloud,200
3283,100.591088,cloud,200
3284,102.735877,cloud,200
3285,99.86184,cloud,200
3286,97.46966,cloud,200
3287,101.533589,cloud,200
3288,99.588385,cloud,200
3289,99.65575,cloud,200
3290,99.608538,cloud,200
3291,100.039565,cloud,200
3292,100.683875,cloud,200
3293,99.532199,cloud,200
3294,103.282007,cloud,200
3295,99.575597,cloud,200
3296,96.930773,cloud,200
3297,101.92082,cloud,200
3298,98.866453,cloud,200
3299,99.32696,cloud,200
3300,98.248609,cloud,200
3301,100.099785,cloud,200
3302,99.441416,cloud,200
3303,99.77312,cloud,200
3304,99.305839,cloud,200
3305,99.436096,cloud,200
3306,97.545514,cloud,200
3307,97.967018,cloud,200
3308,98.486764,cloud,200
3309,99.017467,cloud,200
3310,97.22492,cloud,200
3311,98.034586,cloud,200
3312,97.558523,cloud,200
3313,98.273651,cloud,200
3314,100.737398,cloud,200
3315,98.975386,cloud,200
3316,96.525291,cloud,200
3317,98.995322,cloud,200
3318,98.378998,cloud,200
3319,99.751929,cloud,200
3320,101.460702,cloud,200
3321,99.545596,cloud,200
3322,100.330322,cloud,200
3323,100.964845,cloud,200
3324,101.192642,cloud,200
3325,98.766635,cloud,200
3326,98.093259,cloud,200
3327,100.3285,cloud,200
3328,98.20947,cloud,200
3329,97.485356,cloud,200
3330,97.205795,cloud,200
3331,97.656367,cloud,200
3332,98.912926,cloud,200
3333,100.292511,cloud,200
3334,100.085515,cloud,200
3335,97.633354,cloud,200
3336,99.069934,cloud,200
3337,101.174596,cloud,200
3338,99.629239,cloud,200
3339,98.618073,cloud,200
3340,97.828837,cloud,200
3341,101.522386,cloud,200
3342,97.454307,cloud,200
3343,98.473344,cloud,200
3344,100.079671,cloud,200
3345,100.092314,cloud,200
3346,99.229804,cloud,200
3347,98.432962,cloud,200
3348,99.979437,cloud,200
3349,98.093682,cloud,200
3350,99.263774,cloud,200
3351,99.435653,cloud,200
3352,101.424818,cloud,200
3353,99.116988,cloud,200
3354,100.563899,cloud,200
3355,102.905425,cloud,200
3356,101.612952,cloud,200
3357,96.125914,cloud,200
3358,99.015479,cloud,200
3359,104.611292,cloud,200
3360,100.13646,cloud,200
3361,100.334428,cloud,200
3362,100.25966,cloud,200
3363,98.883891,cloud,200
3364,99.144446,cloud,200
3365,99.964764,cloud,200
3366,98.021168,cloud,200
3367,97.581141,cloud,200
3368,98.656624,cloud,200
3369,97.065239,cloud,200
3370,97.467511,cloud,200
3371,97.230642,cloud,200
3372,98.696438,cloud,200
3373,99.709445,cloud,200
3374,97.181371,cloud,200
3375,97.719449,cloud,200
3376,101.997632,cloud,200
3377,95.891061,cloud,200
3378,97.761564,cloud,200
3379,97.29661,cloud,200
3380,98.797138,cloud,200
3381,98.530704,cloud,200
3382,99.433305,cloud,200
3383,97.797448,cloud,200
3384,98.8074,cloud,200
3385,98.543931,cloud,200
3386,99.413246,cloud,200
3387,98.117061,cloud,200
3388,97.92359,cloud,200
3389,99.593942,cloud,200
3390,98.870682,cloud,200
3391,98.677292,cloud,200
3392,99.323555,cloud,200
3393,99.648612,cloud,200
3394,99.022013,cloud,200
3395,97.14743,cloud,200
3396,99.163347,cloud,200
3397,100.266108,cloud,200
3398,100.525795,cloud,200
3399,97.914702,cloud,200
3400,96.503573,cloud,200
3401,97.29646,cloud,200
3402,99.553485,cloud,200
3403,100.380402,cloud,200
3404,102.510097,cloud,200
3405,99.393438,cloud,200
3406,100.286993,cloud,200
3407,99.335975,cloud,200
3408,98.720307,cloud,200
3409,97.835426,cloud,200
3410,97.790947,cloud,200
3411,98.945086,cloud,200
3412,101.546883,cloud,200
3413,98.903072,cloud,200
3414,98.545876,cloud,200
3415,98.880538,cloud,200
3416,97.293701,cloud,200
3417,99.572098,cloud,200
3418,98.991722,cloud,200
3419,97.487565,cloud,200
3420,97.547793,cloud,200
3421,98.947505,cloud,200
3422,101.901335,cloud,200
3423,97.356411,cloud,200
3424,99.77561,cloud,200
3425,97.303238,cloud,200
3426,99.343631,cloud,200
3427,99.430249,cloud,200
3428,99.698346,cloud,200
3429,103.418218,cloud,200
3430,95.480159,cloud,200
3431,99.34179,cloud,200
3432,97.62631,cloud,200
3433,98.645,cloud,200
3434,100.080135,cloud,200
3435,98.998351,cloud,200
3436,97.993487,cloud,200
3437,99.723075,cloud,200
3438,99.739183,cloud,200
3439,102.988295,cloud,200
3440,113.786679,cloud,200
3441,99.256161,cloud,200
3442,98.214503,cloud,200
3443,97.807707,cloud,200
3444,97.243648,cloud,200
3445,97.793802,cloud,200
3446,99.985924,cloud,200
3447,96.885431,cloud,200
3448,98.473749,cloud,200
3449,97.003464,cloud,200
3450,98.965657,cloud,200
3451,99.470176,cloud,200
3452,99.248193,cloud,200
3453,97.95446,cloud,200
3454,97.229884,cloud,200
3455,98.751112,cloud,200
3456,99.319086,cloud,200
3457,97.920114,cloud,200
3458,98.999395,cloud,200
3459,96.456294,cloud,200
3460,99.184087,cloud,200
3461,98.13694,cloud,200
3462,97.77748,cloud,200
3463,102.838378,cloud,200
3464,99.443465,cloud,200
3465,98.512202,cloud,200
3466,101.007579,cloud,200
3467,98.105791,cloud,200
3468,98.431388,cloud,200
3469,97.059694,cloud,200
3470,100.878,cloud,200
3471,98.373117,cloud,200
3472,100.42142,cloud,200
3473,99.017585,cloud,200
3474,96.220336,cloud,200
3475,97.076986,cloud,200
3476,98.99727,cloud,200
3477,98.839717,cloud,200
3478,99.539603,cloud,200
3479,97.685628,cloud,200
3480,101.487218,cloud,200
3481,98.123959,cloud,200
3482,98.753738,cloud,200
3483,98.014125,cloud,200
3484,100.765622,cloud,200
3485,99.511607,cloud,200
3486,98.122261,cloud,200
3487,98.862688,cloud,200
3488,99.652601,cloud,200
3489,102.18711,cloud,200
3490,99.82677,cloud,200
3491,100.941514,cloud,200
3492,100.807587,cloud,200
3493,101.703064,cloud,200
3494,100.632026,cloud,200
3495,101.612807,cloud,200
3496,97.689835,cloud,200
3497,98.477676,cloud,200
3498,100.478578,cloud,200
3499,97.93756,cloud,200
3500,99.225168,cloud,200
3501,100.22413,cloud,200
3502,99.888483,cloud,200
3503,100.7907,cloud,200
3504,102.092272,cloud,200
3505,98.277973,cloud,200
3506,100.677751,cloud,200
3507,100.165201,cloud,200
3508,102.216718,cloud,200
3509,99.933119,cloud,200
3510,98.232051,cloud,200
3511,96.954682,cloud,200
3512,98.268071,cloud,200
3513,100.443691,cloud,200
3514,102.003664,cloud,200
3515,99.179103,cloud,200
3516,100.300039,cloud,200
3517,100.643501,cloud,200
3518,101.540701,cloud,200
3519,102.123995,cloud,200
3520,99.542098,cloud,200
3521,99.739601,cloud,200
3522,98.911355,cloud,200
3523,99.353657,cloud,200
3524,99.651214,cloud,200
3525,99.881583,cloud,200
3526,100.034884,cloud,200
3527,100.09709,cloud,200
3528,100.351066,cloud,200
3529,100.776928,cloud,200
3530,99.359905,cloud,200
3531,98.146625,cloud,200
3532,100.754304,cloud,200
3533,97.141623,cloud,200
3534,100.75174,cloud,200
3535,96.108371,cloud,200
3536,99.859846,cloud,200
3537,98.803734,cloud,200
3538,101.686253,cloud,200
3539,97.682915,cloud,200
3540,99.376373,cloud,200
3541,98.993193,cloud,200
3542,98.682078,cloud,200
3543,99.457475,cloud,200
3544,98.909176,cloud,200
3545,98.813922,cloud,200
3546,100.757765,cloud,200
3547,98.346107,cloud,200
3548,101.921601,cloud,200
3549,100.762063,cloud,200
3550,101.822245,cloud,200
3551,99.671242,cloud,200
3552,97.790819,cloud,200
3553,99.413116,cloud,200
3554,99.33577,cloud,200
3555,103.373749,cloud,200
3556,97.707625,cloud,200
3557,101.5414,cloud,200
3558,99.202188,cloud,200
3559,100.993891,cloud,200
3560,100.934121,cloud,200
3561,99.668431,cloud,200
3562,97.858464,cloud,200
3563,98.69852,cloud,200
3564,96.656819,cloud,200
3565,98.903484,cloud,200
3566,97.690227,cloud,200
3567,98.984615,cloud,200
3568,98.0325,cloud,200
3569,96.74566,cloud,200
3570,97.206862,cloud,200
3571,97.906472,cloud,200
3572,99.613781,cloud,200
3573,98.944225,cloud,200
3574,96.453237,cloud,200
3575,96.642937,cloud,200
3576,98.876907,cloud,200
3577,96.704836,cloud,200
3578,97.432332,cloud,200
3579,97.396535,cloud,200
3580,98.67161,cloud,200
3581,108.643042,cloud,200
3582,99.150203,cloud,200
3583,97.788501,cloud,200
3584,96.692495,cloud,200
3585,96.68131,cloud,200
3586,98.345422,cloud,200
3587,99.008669,cloud,200
3588,97.927286,cloud,200
3589,98.903182,cloud,200
3590,99.972277,cloud,200
3591,97.921722,cloud,200
3592,101.004516,cloud,200
3593,97.759824,cloud,200
3594,98.036283,cloud,200
3595,99.417944,cloud,200
3596,97.166812,cloud,200
3597,97.905384,cloud,200
3598,98.634722,cloud,200
3599,97.078175,cloud,200
3600,193.61582,cloud,200
3601,386.401262,cloud,200
3602,384.606016,cloud,200
3603,387.657368,cloud,200
3604,388.833548,cloud,200
3605,388.920331,cloud,200
3606,386.507888,cloud,200
3607,393.5191,cloud,200
3608,385.976004,cloud,200
3609,386.543195,cloud,200
3610,388.641923,cloud,200
3611,386.44367,cloud,200
3612,384.13335,cloud,200
3613,386.033239,cloud,200
3614,387.283541,cloud,200
3615,387.926465,cloud,200
3616,387.038249,cloud,200
3617,385.962238,cloud,200
3618,386.422088,cloud,200
3619,388.506186,cloud,200
3620,387.899105,cloud,200
3621,388.780752,cloud,200
3622,388.439734,cloud,200
3623,388.028106,cloud,200
3624,388.038135,cloud,200
3625,387.844828,cloud,200
3626,386.64726,cloud,200
3627,385.165004,cloud,200
3628,384.013695,cloud,200
3629,385.319494,cloud,200
3630,385.279629,cloud,200
3631,386.920105,cloud,200
3632,384.415794,cloud,200
3633,386.099929,cloud,200
3634,385.525662,cloud,200
3635,387.925806,cloud,200
3636,384.083424,cloud,200
3637,387.798563,cloud,200
3638,107.536512,cloud,200
3639,99.953407,cloud,200
3640,97.630101,cloud,200
3641,97.346055,cloud,200
3642,98.509869,cloud,200
3643,96.896031,cloud,200
3644,99.968534,cloud,200
3645,98.021304,cloud,200
3646,96.698811,cloud,200
3647,98.543092,cloud,200
3648,100.752362,cloud,200
3649,99.460562,cloud,200
3650,98.356016,cloud,200
3651,97.900082,cloud,200
3652,97.515051,cloud,200
3653,97.992273,cloud,200
3654,97.911034,cloud,200
3655,99.133834,cloud,200
3656,99.007896,cloud,200
3657,98.117552,cloud,200
3658,98.035933,cloud,200
3659,97.722204,cloud,200
3660,97.694753,cloud,200
3661,97.032944,cloud,200
3662,97.320653,cloud,200
3663,98.529964,cloud,200
3664,96.500985,cloud,200
3665,100.081192,cloud,200
3666,99.297816,cloud,200
3667,100.617364,cloud,200
3668,97.346277,cloud,200
3669,99.114237,cloud,200
3670,97.89329,cloud,200
3671,99.365969,cloud,200
3672,97.534804,cloud,200
3673,98.986996,cloud,200
3674,98.82439,cloud,200
3675,96.594609,cloud,200
3676,100.632851,cloud,200
3677,98.773933,cloud,200
3678,98.411551,cloud,200
3679,97.775682,cloud,200
3680,96.303612,cloud,200
3681,100.7081,cloud,200
3682,100.094486,cloud,200
3683,98.645701,cloud,200
3684,98.548822,cloud,200
3685,98.494931,cloud,200
3686,100.587238,cloud,200
3687,99.759002,cloud,200
3688,96.634844,cloud,200
3689,97.394927,cloud,200
3690,99.951823,cloud,200
3691,100.389521,cloud,200
3692,95.841839,cloud,200
3693,99.250041,cloud,200
3694,99.92723,cloud,200
3695,97.27548,cloud,200
3696,98.543431,cloud,200
3697,98.827071,cloud,200
3698,100.257265,cloud,200
3699,97.442388,cloud,200
3700,97.718202,cloud,200
3701,97.749566,cloud,200
3702,96.393437,cloud,200
3703,100.345812,cloud,200
3704,100.509088,cloud,200
3705,98.719154,cloud,200
3706,98.295316,cloud,200
3707,98.278797,cloud,200
3708,99.009524,cloud,200
3709,96.987565,cloud,200
3710,96.797637,cloud,200
3711,98.262935,cloud,200
3712,100.453406,cloud,200
3713,100.766147,cloud,200
3714,97.357971,cloud,200
3715,98.549398,cloud,200
3716,99.232508,cloud,200
3717,97.408921,cloud,200
3718,100.113305,cloud,200
3719,98.022132,cloud,200
3720,98.975862,cloud,200
3721,95.295872,cloud,200
3722,97.01572,cloud,200
3723,99.415378,cloud,200
3724,97.460107,cloud,200
3725,99.094786,cloud,200
3726,96.696431,cloud,200
3727,97.985042,cloud,200
3728,97.066411,cloud,200
3729,97.600921,cloud,200
3730,96.537995,cloud,200
3731,97.72177,cloud,200
3732,105.63587,cloud,200
3733,99.381592,cloud,200
3734,98.782777,cloud,200
3735,98.806319,cloud,200
3736,98.138765,cloud,200
3737,100.749001,cloud,200
3738,97.953088,cloud,200
3739,97.157292,cloud,200
3740,95.972031,cloud,200
3741,98.168853,cloud,200
3742,99.307074,cloud,200
3743,100.164285,cloud,200
3744,97.353782,cloud,200
3745,99.38663,cloud,200
3746,97.666712,cloud,200
3747,98.018336,cloud,200
3748,100.660466,cloud,200
3749,98.574811,cloud,200
3750,99.146392,cloud,200
3751,99.441146,cloud,200
3752,95.971914,cloud,200
3753,102.622893,cloud,200
3754,99.614659,cloud,200
3755,99.396214,cloud,200
3756,99.190669,cloud,200
3757,99.759685,cloud,200
3758,97.001232,cloud,200
3759,96.05411,cloud,200
3760,97.251541,cloud,200
3761,99.600236,cloud,200
3762,97.897845,cloud,200
3763,100.523005,cloud,200
3764,100.044203,cloud,200
3765,99.583774,cloud,200
3766,98.29496,cloud,200
3767,98.394808,cloud,200
3768,95.985532,cloud,200
3769,97.589315,cloud,200
3770,98.737918,cloud,200
3771,99.966453,cloud,200
3772,98.210611,cloud,200
3773,99.241648,cloud,200
3774,100.585,cloud,200
3775,98.617327,cloud,200
3776,103.152334,cloud,200
3777,99.297892,cloud,200
3778,98.353549,cloud,200
3779,99.698168,cloud,200
3780,98.002644,cloud,200
3781,97.767569,cloud,200
3782,97.643171,cloud,200
3783,96.406216,cloud,200
3784,98.433656,cloud,200
3785,100.041995,cloud,200
3786,98.033943,cloud,200
3787,96.632724,cloud,200
3788,98.584958,cloud,200
3789,95.675532,cloud,200
3790,97.724171,cloud,200
3791,98.749985,cloud,200
3792,98.477269,cloud,200
3793,97.802463,cloud,200
3794,97.264144,cloud,200
3795,97.638332,cloud,200
3796,98.029644,cloud,200
3797,98.947418,cloud,200
3798,97.842945,cloud,200
3799,97.087912,cloud,200
3800,98.946103,cloud,200
3801,100.812682,cloud,200
3802,97.237837,cloud,200
3803,99.540554,cloud,200
3804,100.908724,cloud,200
3805,97.674539,cloud,200
3806,99.082196,cloud,200
3807,98.437867,cloud,200
3808,97.751629,cloud,200
3809,97.981053,cloud,200
3810,97.245355,cloud,200
3811,99.654952,cloud,200
3812,96.897011,cloud,200
3813,98.700139,cloud,200
3814,98.605094,cloud,200
3815,97.98517,cloud,200
3816,100.233157,cloud,200
3817,100.908935,cloud,200
3818,100.080517,cloud,200
3819,100.8287,cloud,200
3820,96.956928,cloud,200
3821,99.337265,cloud,200
3822,98.532971,cloud,200
3823,97.134347,cloud,200
3824,96.672203,cloud,200
3825,99.320663,cloud,200
3826,100.60177,cloud,200
3827,100.417158,cloud,200
3828,96.47566,cloud,200
3829,98.747538,cloud,200
3830,96.780216,cloud,200
3831,101.316049,cloud,200
3832,98.446667,cloud,200
3833,97.759158,cloud,200
3834,99.32524,cloud,200
3835,99.170812,cloud,200
3836,95.507925,cloud,200
3837,99.346587,cloud,200
3838,96.477372,cloud,200
3839,111.065969,cloud,200
3840,97.672491,cloud,200
3841,100.063061,cloud,200
3842,97.58878,cloud,200
3843,99.415929,cloud,200
3844,96.816493,cloud,200
3845,97.32172,cloud,200
3846,98.198322,cloud,200
3847,96.662715,cloud,200
3848,99.974968,cloud,200
3849,97.970298,cloud,200
3850,98.010652,cloud,200
3851,99.752667,cloud,200
3852,99.490626,cloud,200
3853,101.929437,cloud,200
3854,97.476376,cloud,200
3855,102.180545,cloud,200
3856,105.322425,cloud,200
3857,97.458376,cloud,200
3858,102.38857,cloud,200
3859,112.696323,cloud,200
3860,102.153218,cloud,200
3861,99.385427,cloud,200
3862,98.300312,cloud,200
3863,100.133379,cloud,200
3864,99.279734,cloud,200
3865,99.963193,cloud,200
3866,99.307897,cloud,200
3867,97.58758,cloud,200
3868,96.243602,cloud,200
3869,99.81001,cloud,200
3870,97.425299,cloud,200
3871,99.075291,cloud,200
3872,101.860737,cloud,200
3873,99.884774,cloud,200
3874,100.123657,cloud,200
3875,97.727208,cloud,200
3876,98.782999,cloud,200
3877,97.628271,cloud,200
3878,98.339784,cloud,200
3879,96.936737,cloud,200
3880,98.385567,cloud,200
3881,98.615505,cloud,200
3882,96.209404,cloud,200
3883,97.640392,cloud,200
3884,96.257311,cloud,200
3885,98.716452,cloud,200
3886,95.992259,cloud,200
3887,97.432647,cloud,200
3888,96.909492,cloud,200
3889,101.018815,cloud,200
3890,101.56336,cloud,200
3891,100.374623,cloud,200
3892,98.822357,cloud,200
3893,99.924714,cloud,200
3894,98.430735,cloud,200
3895,99.254685,cloud,200
3896,98.481341,cloud,200
3897,97.677853,cloud,200
3898,98.535914,cloud,200
3899,97.889384,cloud,200
3900,99.121177,cloud,200
3901,99.109421,cloud,200
3902,99.144211,cloud,200
3903,98.446331,cloud,200
3904,96.874855,cloud,200
3905,98.964015,cloud,200
3906,99.064984,cloud,200
3907,100.617604,cloud,200
3908,98.653591,cloud,200
3909,100.073644,cloud,200
3910,97.627859,cloud,200
3911,98.397566,cloud,200
3912,99.915262,cloud,200
3913,99.362007,cloud,200
3914,98.049955,cloud,200
3915,98.249648,cloud,200
3916,96.069533,cloud,200
3917,101.705055,cloud,200
3918,98.860631,cloud,200
3919,97.001494,cloud,200
3920,97.717995,cloud,200
3921,99.450849,cloud,200
3922,99.888748,cloud,200
3923,100.562373,cloud,200
3924,98.89234,cloud,200
3925,102.857758,cloud,200
3926,99.616447,cloud,200
3927,95.125835,cloud,200
3928,98.274378,cloud,200
3929,98.617318,cloud,200
3930,99.134535,cloud,200
3931,99.833882,cloud,200
3932,98.152396,cloud,200
3933,98.641563,cloud,200
3934,97.08392,cloud,200
3935,96.915961,cloud,200
3936,99.649854,cloud,200
3937,99.035633,cloud,200
3938,98.841515,cloud,200
3939,108.505754,cloud,200
3940,98.149169,cloud,200
3941,98.487681,cloud,200
3942,102.694938,cloud,200
3943,96.479551,cloud,200
3944,101.218964,cloud,200
3945,99.990738,cloud,200
3946,98.960916,cloud,200
3947,96.972467,cloud,200
3948,99.520693,cloud,200
3949,98.227124,cloud,200
3950,96.950917,cloud,200
3951,98.479322,cloud,200
3952,97.754042,cloud,200
3953,98.634933,cloud,200
3954,98.470827,cloud,200
3955,98.181547,cloud,200
3956,96.912261,cloud,200
3957,99.403315,cloud,200
3958,98.06939,cloud,200
3959,111.032754,cloud,200
3960,98.382494,cloud,200
3961,100.663876,cloud,200
3962,100.808531,cloud,200
3963,97.872528,cloud,200
3964,97.26071,cloud,200
3965,99.448378,cloud,200
3966,97.548742,cloud,200
3967,97.863116,cloud,200
3968,97.061937,cloud,200
3969,99.087835,cloud,200
3970,98.509322,cloud,200
3971,97.259369,cloud,200
3972,98.097733,cloud,200
3973,100.018616,cloud,200
3974,96.879011,cloud,200
3975,97.74336,cloud,200
3976,97.438856,cloud,200
3977,95.538721,cloud,200
3978,98.747051,cloud,200
3979,102.081084,cloud,200
3980,100.720538,cloud,200
3981,97.646858,cloud,200
3982,98.572027,cloud,200
3983,98.518438,cloud,200
3984,101.660086,cloud,200
3985,99.889032,cloud,200
3986,100.178548,cloud,200
3987,99.606293,cloud,200
3988,101.025939,cloud,200
3989,101.169649,cloud,200
3990,102.926497,cloud,200
3991,101.118516,cloud,200
3992,100.229357,cloud,200
3993,99.511967,cloud,200
3994,100.3457,cloud,200
3995,98.948534,cloud,200
3996,100.719452,cloud,200
3997,99.863541,cloud,200
3998,99.276123,cloud,200
3999,99.765856,cloud,200
4000,98.148619,cloud,200
4001,99.268213,cloud,200
4002,96.226293,cloud,200
4003,98.04931,cloud,200
4004,98.388769,cloud,200
4005,98.225527,cloud,200
4006,100.741528,cloud,200
4007,101.011729,cloud,200
4008,99.389901,cloud,200
4009,101.141847,cloud,200
4010,95.728973,cloud,200
4011,98.958142,cloud,200
4012,98.171958,cloud,200
4013,98.523167,cloud,200
4014,99.005223,cloud,200
4015,99.132316,cloud,200
4016,96.205333,cloud,200
4017,97.765822,cloud,200
4018,100.267426,cloud,200
4019,101.755806,cloud,200
4020,100.552454,cloud,200
4021,98.985398,cloud,200
4022,99.744064,cloud,200
4023,97.079365,cloud,200
4024,99.160009,cloud,200
4025,100.794336,cloud,200
4026,101.060456,cloud,200
4027,99.251917,cloud,200
4028,99.290998,cloud,200
4029,98.768235,cloud,200
4030,99.779464,cloud,200
4031,99.880839,cloud,200
4032,98.176467,cloud,200
4033,101.17045,cloud,200
4034,98.920239,cloud,200
4035,98.227399,cloud,200
4036,100.949022,cloud,200
4037,100.097838,cloud,200
4038,100.180683,cloud,200
4039,98.31627,cloud,200
4040,97.758207,cloud,200
4041,100.027001,cloud,200
4042,100.05481,cloud,200
4043,100.510522,cloud,200
4044,98.491087,cloud,200
4045,99.169053,cloud,200
4046,100.967693,cloud,200
4047,101.112208,cloud,200
4048,99.366596,cloud,200
4049,102.03491,cloud,200
4050,97.906797,cloud,200
4051,101.366969,cloud,200
4052,98.808657,cloud,200
4053,98.878712,cloud,200
4054,97.588906,cloud,200
4055,97.483979,cloud,200
4056,99.328549,cloud,200
4057,100.03632,cloud,200
4058,98.537799,cloud,200
4059,97.799051,cloud,200
4060,96.62124,cloud,200
4061,96.36714,cloud,200
4062,97.408311,cloud,200
4063,97.700769,cloud,200
4064,96.738899,cloud,200
4065,98.910272,cloud,200
4066,96.999572,cloud,200
4067,97.871545,cloud,200
4068,98.997922,cloud,200
4069,99.968611,cloud,200
4070,98.948541,cloud,200
4071,100.453133,cloud,200
4072,96.822802,cloud,200
4073,98.551341,cloud,200
4074,99.902422,cloud,200
4075,97.69096,cloud,200
4076,98.37324,cloud,200
4077,99.920192,cloud,200
4078,98.926004,cloud,200
4079,99.918,cloud,200
4080,98.874207,cloud,200
4081,98.244745,cloud,200
4082,98.545672,cloud,200
4083,98.769786,cloud,200
4084,98.55803,cloud,200
4085,97.220946,cloud,200
4086,99.730532,cloud,200
4087,97.937665,cloud,200
4088,98.2679,cloud,200
4089,96.389953,cloud,200
4090,98.415785,cloud,200
4091,98.130384,cloud,200
4092,98.564132,cloud,200
4093,97.669299,cloud,200
4094,96.90577,cloud,200
4095,98.118014,cloud,200
4096,100.342637,cloud,200
4097,99.799725,cloud,200
4098,99.265879,cloud,200
4099,97.854038,cloud,200
4100,97.511791,cloud,200
4101,99.437775,cloud,200
4102,100.11826,cloud,200
4103,96.55715,cloud,200
4104,99.15993,cloud,200
4105,100.753574,cloud,200
4106,98.513184,cloud,200
4107,100.860879,cloud,200
4108,97.136003,cloud,200
4109,98.660827,cloud,200
4110,99.625674,cloud,200
4111,99.2773,cloud,200
4112,98.530633,cloud,200
4113,97.494581,cloud,200
4114,96.973822,cloud,200
4115,97.789558,cloud,200
4116,102.418277,cloud,200
4117,99.849063,cloud,200
4118,98.849172,cloud,200
4119,97.736749,cloud,200
4120,97.242421,cloud,200
4121,97.553886,cloud,200
4122,99.771619,cloud,200
4123,98.917574,cloud,200
4124,99.450986,cloud,200
4125,97.873989,cloud,200
4126,98.173318,cloud,200
4127,99.179013,cloud,200
4128,97.065542,cloud,200
4129,98.486357,cloud,200
4130,100.461169,cloud,200
4131,99.054597,cloud,200
4132,98.887603,cloud,200
4133,97.966865,cloud,200
4134,97.510851,cloud,200
4135,98.338073,cloud,200
4136,99.657449,cloud,200
4137,99.774113,cloud,200
4138,99.710414,cloud,200
4139,96.947334,cloud,200
4140,97.334768,cloud,200
4141,99.472598,cloud,200
4142,99.264745,cloud,200
4143,95.853887,cloud,200
4144,97.951011,cloud,200
4145,99.114704,cloud,200
4146,98.072399,cloud,200
4147,98.18493,cloud,200
4148,99.15247,cloud,200
4149,98.243378,cloud,200
4150,97.903352,cloud,200
4151,99.731104,cloud,200
4152,99.277068,cloud,200
4153,100.31356,cloud,200
4154,99.771513,cloud,200
4155,101.05832,cloud,200
4156,97.963939,cloud,200
4157,99.098121,cloud,200
4158,101.286888,cloud,200
4159,98.217419,cloud,200
4160,98.067119,cloud,200
4161,99.776852,cloud,200
4162,99.600402,cloud,200
4163,98.807573,cloud,200
4164,98.507496,cloud,200
4165,96.5217,cloud,200
4166,98.787,cloud,200
4167,99.606792,cloud,200
4168,98.336562,cloud,200
4169,98.977183,cloud,200
4170,99.407253,cloud,200
4171,98.694475,cloud,200
4172,96.754214,cloud,200
4173,97.821949,cloud,200
4174,99.636826,cloud,200
4175,98.791215,cloud,200
4176,101.365919,cloud,200
4177,98.071479,cloud,200
4178,98.079331,cloud,200
4179,98.655959,cloud,200
4180,97.639471,cloud,200
4181,96.26019,cloud,200
4182,98.261463,cloud,200
4183,98.989188,cloud,200
4184,97.433081,cloud,200
4185,99.133725,cloud,200
4186,98.425828,cloud,200
4187,99.074202,cloud,200
4188,97.917987,cloud,200
4189,97.900863,cloud,200
4190,98.234852,cloud,200
4191,98.505213,cloud,200
4192,100.978246,cloud,200
4193,100.797531,cloud,200
4194,96.621471,cloud,200
4195,102.846204,cloud,200
4196,98.222389,cloud,200
4197,96.887757,cloud,200
4198,99.603252,cloud,200
4199,98.385952,cloud,200
4200,198.490966,cloud,200
4201,389.157189,cloud,200
4202,386.39694,cloud,200
4203,387.699439,cloud,200
4204,385.776603,cloud,200
4205,386.995958,cloud,200
4206,384.920792,cloud,200
4207,387.679323,cloud,200
4208,393.072521,cloud,200
4209,386.220159,cloud,200
4210,384.872798,cloud,200
4211,388.379711,cloud,200
4212,387.050353,cloud,200
4213,389.895817,cloud,200
4214,384.912606,cloud,200
4215,386.239949,cloud,200
4216,385.065296,cloud,200
4217,386.577526,cloud,200
4218,386.056177,cloud,200
4219,387.343964,cloud,200
4220,385.861815,cloud,200
4221,386.267572,cloud,200
4222,386.001148,cloud,200
4223,387.483408,cloud,200
4224,387.133619,cloud,200
4225,387.381281,cloud,200
4226,385.975248,cloud,200
4227,387.164045,cloud,200
4228,386.259669,cloud,200
4229,386.312367,cloud,200
4230,386.190704,cloud,200
4231,386.789179,cloud,200
4232,387.107619,cloud,200
4233,387.783309,cloud,200
4234,385.00778,cloud,200
4235,386.987525,cloud,200
4236,387.679011,cloud,200
4237,388.312841,cloud,200
4238,109.685203,cloud,200
4239,99.95773,cloud,200
4240,101.206747,cloud,200
4241,97.93438,cloud,200
4242,98.091625,cloud,200
4243,96.355531,cloud,200
4244,99.511098,cloud,200
4245,99.780763,cloud,200
4246,98.263213,cloud,200
4247,97.767579,cloud,200
4248,98.219375,cloud,200
4249,100.362675,cloud,200
4250,97.48273,cloud,200
4251,99.909488,cloud,200
4252,99.883956,cloud,200
4253,98.111104,cloud,200
4254,100.739725,cloud,200
4255,99.344349,cloud,200
4256,97.350659,cloud,200
4257,99.042176,cloud,200
4258,100.052634,cloud,200
4259,99.006212,cloud,200
4260,97.842867,cloud,200
4261,99.053097,cloud,200
4262,97.690719,cloud,200
4263,107.769158,cloud,200
4264,97.520989,cloud,200
4265,96.808007,cloud,200
4266,100.653216,cloud,200
4267,99.813521,cloud,200
4268,97.97256,cloud,200
4269,98.515568,cloud,200
4270,98.342188,cloud,200
4271,96.339188,cloud,200
4272,97.530632,cloud,200
4273,97.287355,cloud,200
4274,96.639699,cloud,200
4275,98.251795,cloud,200
4276,107.754103,cloud,200
4277,98.493014,cloud,200
4278,99.080053,cloud,200
4279,100.028947,cloud,200
4280,98.97659,cloud,200
4281,98.255835,cloud,200
4282,101.49641,cloud,200
4283,98.354573,cloud,200
4284,99.64524,cloud,200
4285,101.832429,cloud,200
4286,99.015818,cloud,200
4287,100.526299,cloud,200
4288,98.865546,cloud,200
4289,99.161638,cloud,200
4290,96.706763,cloud,200
4291,102.050761,cloud,200
4292,99.589498,cloud,200
4293,97.909378,cloud,200
4294,98.1714,cloud,200
4295,97.935897,cloud,200
4296,98.342205,cloud,200
4297,98.365945,cloud,200
4298,98.273928,cloud,200
4299,99.06977,cloud,200
4300,97.435757,cloud,200
4301,98.272648,cloud,200
4302,101.313406,cloud,200
4303,100.664269,cloud,200
4304,101.441766,cloud,200
4305,97.150915,cloud,200
4306,100.445326,cloud,200
4307,100.112037,cloud,200
4308,100.116789,cloud,200
4309,98.082888,cloud,200
4310,99.276802,cloud,200
4311,99.699515,cloud,200
4312,98.627235,cloud,200
4313,97.07956,cloud,200
4314,99.775154,cloud,200
4315,97.798321,cloud,200
4316,100.42674,cloud,200
4317,99.933554,cloud,200
4318,99.409676,cloud,200
4319,97.703093,cloud,200
4320,98.127361,cloud,200
4321,102.028468,cloud,200
4322,98.211562,cloud,200
4323,99.474938,cloud,200
4324,98.685024,cloud,200
4325,97.99894,cloud,200
4326,100.325971,cloud,200
4327,97.669741,cloud,200
4328,97.630636,cloud,200
4329,98.448255,cloud,200
4330,99.192269,cloud,200
4331,97.630856,cloud,200
4332,99.799064,cloud,200
4333,104.679269,cloud,200
4334,99.3594,cloud,200
4335,97.852876,cloud,200
4336,97.140446,cloud,200
4337,97.742644,cloud,200
4338,97.848862,cloud,200
4339,101.396552,cloud,200
4340,98.959087,cloud,200
4341,98.426079,cloud,200
4342,98.091597,cloud,200
4343,100.402151,cloud,200
4344,97.161626,cloud,200
4345,96.375331,cloud,200
4346,98.751423,cloud,200
4347,99.944149,cloud,200
4348,98.435867,cloud,200
4349,97.022804,cloud,200
4350,99.693598,cloud,200
4351,99.894393,cloud,200
4352,100.501163,cloud,200
4353,100.609112,cloud,200
4354,99.873142,cloud,200
4355,96.779406,cloud,200
4356,98.917857,cloud,200
4357,100.330207,cloud,200
4358,97.956408,cloud,200
4359,99.310145,cloud,200
4360,98.984793,cloud,200
4361,98.0998,cloud,200
4362,97.820812,cloud,200
4363,98.659445,cloud,200
4364,99.011991,cloud,200
4365,95.671782,cloud,200
4366,98.021598,cloud,200
4367,98.005063,cloud,200
4368,98.519874,cloud,200
4369,102.038077,cloud,200
4370,99.631228,cloud,200
4371,99.645482,cloud,200
4372,99.808235,cloud,200
4373,98.586771,cloud,200
4374,99.787748,cloud,200
4375,99.06046,cloud,200
4376,96.821435,cloud,200
4377,100.737827,cloud,200
4378,98.982324,cloud,200
4379,95.946515,cloud,200
4380,97.76283,cloud,200
4381,97.951754,cloud,200
4382,100.005649,cloud,200
4383,99.000673,cloud,200
4384,100.635234,cloud,200
4385,99.387732,cloud,200
4386,104.685917,cloud,200
4387,98.882786,cloud,200
4388,99.028194,cloud,200
4389,97.181282,cloud,200
4390,97.19103,cloud,200
4391,98.139603,cloud,200
4392,99.745966,cloud,200
4393,99.963277,cloud,200
4394,102.613921,cloud,200
4395,96.889085,cloud,200
4396,100.990667,cloud,200
4397,99.460138,cloud,200
4398,96.461467,cloud,200
4399,100.10414,cloud,200
4400,97.983901,cloud,200
4401,98.586823,cloud,200
4402,98.346384,cloud,200
4403,99.877367,cloud,200
4404,98.067783,cloud,200
4405,99.601423,cloud,200
4406,98.664854,cloud,200
4407,100.098586,cloud,200
4408,96.238927,cloud,200
4409,99.634533,cloud,200
4410,100.091484,cloud,200
4411,99.734023,cloud,200
4412,98.286754,cloud,200
4413,98.604637,cloud,200
4414,98.993204,cloud,200
4415,98.529176,cloud,200
4416,98.59394,cloud,200
4417,115.369164,cloud,200
4418,100.575115,cloud,200
4419,97.956846,cloud,200
4420,97.625233,cloud,200
4421,95.211623,cloud,200
4422,99.557862,cloud,200
4423,99.887696,cloud,200
4424,97.644646,cloud,200
4425,95.837389,cloud,200
4426,100.295547,cloud,200
4427,99.175207,cloud,200
4428,96.97128,cloud,200
4429,100.470675,cloud,200
4430,99.448832,cloud,200
4431,97.90992,cloud,200
4432,97.431943,cloud,200
4433,97.80345,cloud,200
4434,99.180243,cloud,200
4435,99.312867,cloud,200
4436,98.256773,cloud,200
4437,98.489505,cloud,200
4438,100.057159,cloud,200
4439,99.43439,cloud,200
4440,96.486288,cloud,200
4441,98.258238,cloud,200
4442,100.759356,cloud,200
4443,98.694335,cloud,200
4444,97.276976,cloud,200
4445,99.550936,cloud,200
4446,98.03643,cloud,200
4447,98.870279,cloud,200
4448,100.051948,cloud,200
4449,99.458502,cloud,200
4450,97.237693,cloud,200
4451,96.305259,cloud,200
4452,98.926381,cloud,200
4453,97.140862,cloud,200
4454,99.188037,cloud,200
4455,95.493757,cloud,200
4456,96.388301,cloud,200
4457,97.603739,cloud,200
4458,97.290034,cloud,200
4459,105.812298,cloud,200
4460,98.661394,cloud,200
4461,98.040834,cloud,200
4462,99.262952,cloud,200
4463,99.220784,cloud,200
4464,100.149128,cloud,200
4465,99.079754,cloud,200
4466,101.436729,cloud,200
4467,99.599277,cloud,200
4468,97.912165,cloud,200
4469,97.779714,cloud,200
4470,100.605535,cloud,200
4471,99.385333,cloud,200
4472,100.383752,cloud,200
4473,98.068857,cloud,200
4474,97.729922,cloud,200
4475,100.786778,cloud,200
4476,100.585801,cloud,200
4477,99.049406,cloud,200
4478,96.599128,cloud,200
4479,96.40727,cloud,200
4480,98.68021,cloud,200
4481,98.499888,cloud,200
4482,97.600039,cloud,200
4483,100.704467,cloud,200
4484,98.994773,cloud,200
4485,98.761356,cloud,200
4486,97.509295,cloud,200
4487,100.30123,cloud,200
4488,98.91138,cloud,200
4489,97.115569,cloud,200
4490,99.168129,cloud,200
4491,100.084077,cloud,200
4492,97.350309,cloud,200
4493,98.101598,cloud,200
4494,98.062504,cloud,200
4495,98.69108,cloud,200
4496,97.277129,cloud,200
4497,98.616349,cloud,200
4498,98.857487,cloud,200
4499,100.736338,cloud,200
4500,99.469648,cloud,200
4501,99.425766,cloud,200
4502,99.406748,cloud,200
4503,96.38013,cloud,200
4504,98.509901,cloud,200
4505,98.068739,cloud,200
4506,99.661362,cloud,200
4507,101.025226,cloud,200
4508,97.62352,cloud,200
4509,98.395373,cloud,200
4510,97.337611,cloud,200
4511,96.574464,cloud,200
4512,99.273136,cloud,200
4513,98.361453,cloud,200
4514,99.314577,cloud,200
4515,97.644461,cloud,200
4516,98.637196,cloud,200
4517,102.203106,cloud,200
4518,97.574243,cloud,200
4519,98.84501,cloud,200
4520,97.707493,cloud,200
4521,99.317689,cloud,200
4522,96.25745,cloud,200
4523,101.430898,cloud,200
4524,97.304024,cloud,200
4525,99.386856,cloud,200
4526,96.682816,cloud,200
4527,99.896612,cloud,200
4528,99.97596,cloud,200
4529,97.877141,cloud,200
4530,98.08217,cloud,200
4531,98.856418,cloud,200
4532,98.17443,cloud,200
4533,99.514873,cloud,200
4534,96.220002,cloud,200
4535,96.026969,cloud,200
4536,99.429178,cloud,200
4537,98.934363,cloud,200
4538,98.090885,cloud,200
4539,98.0325,cloud,200
4540,99.01313,cloud,200
4541,97.525437,cloud,200
4542,101.632104,cloud,200
4543,101.517869,cloud,200
4544,98.714637,cloud,200
4545,98.357246,cloud,200
4546,96.619856,cloud,200
4547,99.44231,cloud,200
4548,97.598689,cloud,200
4549,100.965776,cloud,200
4550,98.64426,cloud,200
4551,96.605022,cloud,200
4552,99.436789,cloud,200
4553,97.18785,cloud,200
4554,100.769457,cloud,200
4555,100.140269,cloud,200
4556,98.131625,cloud,200
4557,98.258301,cloud,200
4558,99.240259,cloud,200
4559,102.488988,cloud,200
4560,98.813797,cloud,200
4561,163.301603,cloud,200
4562,98.69836,cloud,200
4563,99.092356,cloud,200
4564,97.870824,cloud,200
4565,98.782398,cloud,200
4566,96.307694,cloud,200
4567,97.340642,cloud,200
4568,99.140939,cloud,200
4569,99.376837,cloud,200
4570,99.663907,cloud,200
4571,98.599099,cloud,200
4572,96.966802,cloud,200
4573,97.963664,cloud,200
4574,98.659603,cloud,200
4575,96.905649,cloud,200
4576,99.768055,cloud,200
4577,96.899083,cloud,200
4578,99.160845,cloud,200
4579,98.459963,cloud,200
4580,96.179236,cloud,200
4581,96.828881,cloud,200
4582,96.200541,cloud,200
4583,95.517444,cloud,200
4584,99.093349,cloud,200
4585,103.74399,cloud,200
4586,99.790658,cloud,200
4587,101.989456,cloud,200
4588,99.931695,cloud,200
4589,98.329312,cloud,200
4590,98.055287,cloud,200
4591,97.525678,cloud,200
4592,97.850288,cloud,200
4593,101.648646,cloud,200
4594,98.0206,cloud,200
4595,96.999205,cloud,200
4596,99.055588,cloud,200
4597,97.952425,cloud,200
4598,97.469712,cloud,200
4599,99.596702,cloud,200
4600,98.424195,cloud,200
4601,96.472892,cloud,200
4602,99.738551,cloud,200
4603,97.935488,cloud,200
4604,96.935666,cloud,200
4605,97.519035,cloud,200
4606,98.494779,cloud,200
4607,98.494454,cloud,200
4608,96.863341,cloud,200
4609,97.252677,cloud,200
4610,97.314272,cloud,200
4611,97.075376,cloud,200
4612,96.988702,cloud,200
4613,100.116305,cloud,200
4614,97.63097,cloud,200
4615,96.837502,cloud,200
4616,99.138919,cloud,200
4617,99.37762,cloud,200
4618,99.359157,cloud,200
4619,98.070725,cloud,200
4620,103.539832,cloud,200
4621,97.229835,cloud,200
4622,97.655385,cloud,200
4623,100.464285,cloud,200
4624,97.416789,cloud,200
4625,100.307678,cloud,200
4626,101.048976,cloud,200
4627,101.591541,cloud,200
4628,99.212992,cloud,200
4629,98.6515,cloud,200
4630,98.306692,cloud,200
4631,99.871019,cloud,200
4632,98.966807,cloud,200
4633,99.428367,cloud,200
4634,99.278652,cloud,200
4635,98.746345,cloud,200
4636,100.02093,cloud,200
4637,96.546889,cloud,200
4638,99.437774,cloud,200
4639,98.635303,cloud,200
4640,99.478131,cloud,200
4641,99.116223,cloud,200
4642,100.552945,cloud,200
4643,100.683204,cloud,200
4644,96.545969,cloud,200
4645,99.577797,cloud,200
4646,100.520015,cloud,200
4647,100.513984,cloud,200
4648,99.334185,cloud,200
4649,97.869967,cloud,200
4650,100.549607,cloud,200
4651,98.899596,cloud,200
4652,100.221452,cloud,200
4653,97.506883,cloud,200
4654,94.621753,cloud,200
4655,96.816295,cloud,200
4656,98.83722,cloud,200
4657,97.244633,cloud,200
4658,98.341557,cloud,200
4659,99.761833,cloud,200
4660,99.697409,cloud,200
4661,101.236956,cloud,200
4662,99.436498,cloud,200
4663,98.487526,cloud,200
4664,99.072196,cloud,200
4665,98.220944,cloud,200
4666,99.937431,cloud,200
4667,97.875871,cloud,200
4668,98.270339,cloud,200
4669,101.299953,cloud,200
4670,102.082991,cloud,200
4671,101.120209,cloud,200
4672,100.818539,cloud,200
4673,100.776601,cloud,200
4674,95.93613,cloud,200
4675,94.434939,cloud,200
4676,98.988474,cloud,200
4677,97.982905,cloud,200
4678,96.64238,cloud,200
4679,103.199021,cloud,200
4680,100.554299,cloud,200
4681,98.904853,cloud,200
4682,100.030696,cloud,200
4683,98.079961,cloud,200
4684,98.314128,cloud,200
4685,100.025508,cloud,200
4686,101.947049,cloud,200
4687,100.407731,cloud,200
4688,103.057647,cloud,200
4689,100.473528,cloud,200
4690,96.588879,cloud,200
4691,100.132436,cloud,200
4692,99.316465,cloud,200
4693,98.263533,cloud,200
4694,97.706339,cloud,200
4695,100.683633,cloud,200
4696,98.387647,cloud,200
4697,98.845404,cloud,200
4698,103.586695,cloud,200
4699,98.403726,cloud,200
4700,101.095149,cloud,200
4701,100.25122,cloud,200
4702,97.463503,cloud,200
4703,98.362393,cloud,200
4704,99.287467,cloud,200
4705,99.517135,cloud,200
4706,99.544559,cloud,200
4707,97.576206,cloud,200
4708,97.379625,cloud,200
4709,97.779871,cloud,200
4710,99.222294,cloud,200
4711,104.317013,cloud,200
4712,98.835141,cloud,200
4713,97.33502,cloud,200
4714,97.741006,cloud,200
4715,98.408059,cloud,200
4716,97.267513,cloud,200
4717,98.18287,cloud,200
4718,99.259645,cloud,200
4719,99.927342,cloud,200
4720,99.199911,cloud,200
4721,96.707992,cloud,200
4722,98.516192,cloud,200
4723,98.833798,cloud,200
4724,102.009946,cloud,200
4725,100.178613,cloud,200
4726,100.517633,cloud,200
4727,99.098987,cloud,200
4728,98.614914,cloud,200
4729,98.75915,cloud,200
4730,99.447914,cloud,200
4731,100.133554,cloud,200
4732,99.488068,cloud,200
4733,99.776527,cloud,200
4734,102.788561,cloud,200
4735,99.903943,cloud,200
4736,98.000213,cloud,200
4737,103.746546,cloud,200
4738,99.390744,cloud,200
4739,98.336634,cloud,200
4740,98.865629,cloud,200
4741,98.415278,cloud,200
4742,98.495556,cloud,200
4743,97.622215,cloud,200
4744,97.7432,cloud,200
4745,99.763756,cloud,200
4746,98.714094,cloud,200
4747,100.286499,cloud,200
4748,97.190611,cloud,200
4749,98.197769,cloud,200
4750,100.498717,cloud,200
4751,98.891395,cloud,200
4752,95.697437,cloud,200
4753,99.172162,cloud,200
4754,97.899136,cloud,200
4755,98.462429,cloud,200
4756,96.009969,cloud,200
4757,101.124193,cloud,200
4758,99.35272,cloud,200
4759,97.081244,cloud,200
4760,99.994166,cloud,200
4761,99.717574,cloud,200
4762,98.109859,cloud,200
4763,96.89466,cloud,200
4764,98.923438,cloud,200
4765,97.16492,cloud,200
4766,99.375934,cloud,200
4767,97.059346,cloud,200
4768,97.456191,cloud,200
4769,101.107661,cloud,200
4770,100.783202,cloud,200
4771,98.822143,cloud,200
4772,97.996448,cloud,200
4773,98.733533,cloud,200
4774,97.92567,cloud,200
4775,97.404028,cloud,200
4776,101.152685,cloud,200
4777,99.238355,cloud,200
4778,95.553721,cloud,200
4779,97.641709,cloud,200
4780,99.028461,cloud,200
4781,98.564892,cloud,200
4782,97.511656,cloud,200
4783,99.446657,cloud,200
4784,97.311116,cloud,200
4785,100.360912,cloud,200
4786,99.499914,cloud,200
4787,98.943257,cloud,200
4788,98.743815,cloud,200
4789,97.679136,cloud,200
4790,98.39491,cloud,200
4791,101.45955,cloud,200
4792,101.739988,cloud,200
4793,97.516466,cloud,200
4794,100.637852,cloud,200
4795,100.80128,cloud,200
4796,99.062371,cloud,200
4797,96.981775,cloud,200
4798,98.585476,cloud,200
4799,98.555224,cloud,200
4800,193.772945,cloud,200
4801,385.190896,cloud,200
4802,387.970518,cloud,200
4803,386.996516,cloud,200
4804,386.100555,cloud,200
4805,384.573924,cloud,200
4806,384.83152,cloud,200
4807,389.72716,cloud,200
4808,388.921688,cloud,200
4809,386.403164,cloud,200
4810,386.386184,cloud,200
4811,387.121795,cloud,200
4812,389.146878,cloud,200
4813,387.020192,cloud,200
4814,384.808541,cloud,200
4815,387.980344,cloud,200
4816,387.839433,cloud,200
4817,386.735239,cloud,200
4818,387.082997,cloud,200
4819,389.607586,cloud,200
4820,385.107443,cloud,200
4821,386.62592,cloud,200
4822,387.364349,cloud,200
4823,386.435557,cloud,200
4824,388.223985,cloud,200
4825,387.298043,cloud,200
4826,385.896012,cloud,200
4827,387.239423,cloud,200
4828,386.45118,cloud,200
4829,385.12833,cloud,200
4830,387.814943,cloud,200
4831,384.232641,cloud,200
4832,385.470657,cloud,200
4833,386.997494,cloud,200
4834,386.894222,cloud,200
4835,387.550625,cloud,200
4836,387.053359,cloud,200
4837,383.885211,cloud,200
4838,107.642809,cloud,200
4839,99.757943,cloud,200
4840,100.280795,cloud,200
4841,98.45422,cloud,200
4842,100.64271,cloud,200
4843,99.404766,cloud,200
4844,99.679372,cloud,200
4845,98.678023,cloud,200
4846,99.078274,cloud,200
4847,96.99967,cloud,200
4848,99.22849,cloud,200
4849,99.907845,cloud,200
4850,101.2037,cloud,200
4851,97.934244,cloud,200
4852,99.289735,cloud,200
4853,97.99101,cloud,200
4854,99.886367,cloud,200
4855,96.757447,cloud,200
4856,96.111087,cloud,200
4857,98.966878,cloud,200
4858,97.792904,cloud,200
4859,101.050559,cloud,200
4860,98.051966,cloud,200
4861,98.478435,cloud,200
4862,97.425931,cloud,200
4863,95.903553,cloud,200
4864,99.557355,cloud,200
4865,97.267907,cloud,200
4866,101.298411,cloud,200
4867,97.798062,cloud,200
4868,98.141628,cloud,200
4869,97.113764,cloud,200
4870,99.543968,cloud,200
4871,98.962167,cloud,200
4872,97.12276,cloud,200
4873,98.849741,cloud,200
4874,95.774167,cloud,200
4875,97.852449,cloud,200
4876,96.227797,cloud,200
4877,95.384016,cloud,200
4878,99.673262,cloud,200
4879,97.884557,cloud,200
4880,97.887787,cloud,200
4881,98.273062,cloud,200
4882,99.561991,cloud,200
4883,98.767004,cloud,200
4884,101.697242,cloud,200
4885,98.00975,cloud,200
4886,97.865813,cloud,200
4887,99.466377,cloud,200
4888,98.867007,cloud,200
4889,98.147791,cloud,200
4890,98.351175,cloud,200
4891,98.634733,cloud,200
4892,98.800881,cloud,200
4893,102.134436,cloud,200
4894,100.046935,cloud,200
4895,100.942097,cloud,200
4896,98.535946,cloud,200
4897,99.891473,cloud,200
4898,97.298884,cloud,200
4899,98.410681,cloud,200
4900,100.41814,cloud,200
4901,98.264479,cloud,200
4902,98.484894,cloud,200
4903,97.436404,cloud,200
4904,98.301756,cloud,200
4905,98.764778,cloud,200
4906,98.346151,cloud,200
4907,99.462802,cloud,200
4908,99.497816,cloud,200
4909,100.000756,cloud,200
4910,100.192159,cloud,200
4911,103.628127,cloud,200
4912,97.544833,cloud,200
4913,98.904294,cloud,200
4914,100.432375,cloud,200
4915,96.697101,cloud,200
4916,99.324288,cloud,200
4917,97.309582,cloud,200
4918,99.260344,cloud,200
4919,99.024048,cloud,200
4920,98.137132,cloud,200
4921,99.171471,cloud,200
4922,98.389373,cloud,200
4923,96.526057,cloud,200
4924,99.95633,cloud,200
4925,97.808962,cloud,200
4926,99.889869,cloud,200
4927,98.182191,cloud,200
4928,97.843864,cloud,200
4929,99.039352,cloud,200
4930,98.108618,cloud,200
4931,99.279999,cloud,200
4932,96.570798,cloud,200
4933,101.520702,cloud,200
4934,98.397019,cloud,200
4935,97.858458,cloud,200
4936,97.553856,cloud,200
4937,98.142683,cloud,200
4938,97.135394,cloud,200
4939,100.20899,cloud,200
4940,98.36649,cloud,200
4941,99.322326,cloud,200
4942,98.287966,cloud,200
4943,98.217124,cloud,200
4944,99.151152,cloud,200
4945,96.527475,cloud,200
4946,99.456065,cloud,200
4947,97.783248,cloud,200
4948,97.541015,cloud,200
4949,99.781516,cloud,200
4950,100.12974,cloud,200
4951,99.910196,cloud,200
4952,98.8243,cloud,200
4953,97.424737,cloud,200
4954,96.979494,cloud,200
4955,97.478916,cloud,200
4956,98.646702,cloud,200
4957,99.512872,cloud,200
4958,99.101195,cloud,200
4959,97.160017,cloud,200
4960,97.589519,cloud,200
4961,98.445519,cloud,200
4962,97.632146,cloud,200
4963,98.66454,cloud,200
4964,97.571478,cloud,200
4965,101.714576,cloud,200
4966,98.09056,cloud,200
4967,98.173181,cloud,200
4968,97.610151,cloud,200
4969,98.979145,cloud,200
4970,100.518571,cloud,200
4971,99.197552,cloud,200
4972,100.25265,cloud,200
4973,97.689584,cloud,200
4974,100.174054,cloud,200
4975,98.717684,cloud,200
4976,98.063598,cloud,200
4977,98.100229,cloud,200
4978,101.826717,cloud,200
4979,98.161415,cloud,200
4980,97.208104,cloud,200
4981,96.825111,cloud,200
4982,98.158449,cloud,200
4983,98.230886,cloud,200
4984,101.054836,cloud,200
4985,98.57576,cloud,200
4986,99.574675,cloud,200
4987,97.308652,cloud,200
4988,97.001275,cloud,200
4989,97.892469,cloud,200
4990,97.125402,cloud,200
4991,98.560111,cloud,200
4992,98.907439,cloud,200
4993,97.345107,cloud,200
4994,97.553927,cloud,200
4995,97.235278,cloud,200
4996,97.10571,cloud,200
4997,97.460439,cloud,200
4998,104.087127,cloud,200
4999,97.49366,cloud,200
5000,98.692821,cloud,200
5001,97.791329,cloud,200
5002,98.270424,cloud,200
5003,96.363136,cloud,200
5004,98.518185,cloud,200
5005,99.328373,cloud,200
5006,97.746199,cloud,200
5007,98.238463,cloud,200
5008,99.706032,cloud,200
5009,98.856432,cloud,200
5010,99.679514,cloud,200
5011,95.66067,cloud,200
5012,97.176619,cloud,200
5013,100.734475,cloud,200
5014,100.188596,cloud,200
5015,99.522909,cloud,200
5016,97.030729,cloud,200
5017,98.39315,cloud,200
5018,100.209084,cloud,200
5019,99.714732,cloud,200
5020,100.248205,cloud,200
5021,96.991073,cloud,200
5022,100.21139,cloud,200
5023,98.144874,cloud,200
5024,98.366999,cloud,200
5025,96.321214,cloud,200
5026,99.339288,cloud,200
5027,97.502145,cloud,200
5028,98.764228,cloud,200
5029,98.68481,cloud,200
5030,99.139985,cloud,200
5031,101.870855,cloud,200
5032,101.418566,cloud,200
5033,97.861238,cloud,200
5034,97.679478,cloud,200
5035,98.216815,cloud,200
5036,98.468326,cloud,200
5037,98.207569,cloud,200
5038,99.851917,cloud,200
5039,97.442928,cloud,200
5040,99.881406,cloud,200
5041,99.416558,cloud,200
5042,98.240468,cloud,200
5043,99.919954,cloud,200
5044,98.231044,cloud,200
5045,97.503299,cloud,200
5046,99.761439,cloud,200
5047,97.320659,cloud,200
5048,94.94941,cloud,200
5049,99.075784,cloud,200
5050,99.592344,cloud,200
5051,96.469886,cloud,200
5052,99.778207,cloud,200
5053,96.818093,cloud,200
5054,97.877951,cloud,200
5055,98.695483,cloud,200
5056,100.843371,cloud,200
5057,97.110077,cloud,200
5058,100.271018,cloud,200
5059,101.715015,cloud,200
5060,99.964977,cloud,200
5061,99.511739,cloud,200
5062,98.985834,cloud,200
5063,100.240422,cloud,200
5064,96.710731,cloud,200
5065,100.039549,cloud,200
5066,95.800141,cloud,200
5067,99.098529,cloud,200
5068,99.316785,cloud,200
5069,98.238115,cloud,200
5070,100.250653,cloud,200
5071,98.480347,cloud,200
5072,96.356445,cloud,200
5073,98.874728,cloud,200
5074,99.738571,cloud,200
5075,99.126845,cloud,200
5076,98.830743,cloud,200
5077,99.977727,cloud,200
5078,100.065026,cloud,200
5079,102.40033,cloud,200
5080,98.506682,cloud,200
5081,98.267498,cloud,200
5082,96.718526,cloud,200
5083,98.01416,cloud,200
5084,97.986553,cloud,200
5085,99.412483,cloud,200
5086,97.447929,cloud,200
5087,98.298554,cloud,200
5088,99.106338,cloud,200
5089,99.588598,cloud,200
5090,99.398163,cloud,200
5091,97.202951,cloud,200
5092,98.319399,cloud,200
5093,97.804312,cloud,200
5094,97.57307,cloud,200
5095,98.851122,cloud,200
5096,98.296622,cloud,200
5097,98.19705,cloud,200
5098,97.639443,cloud,200
5099,101.635309,cloud,200
5100,100.024359,cloud,200
5101,101.247803,cloud,200
5102,98.936197,cloud,200
5103,100.357946,cloud,200
5104,99.925656,cloud,200
5105,98.836875,cloud,200
5106,98.10917,cloud,200
5107,96.88697,cloud,200
5108,97.908376,cloud,200
5109,97.996003,cloud,200
5110,99.232072,cloud,200
5111,98.770807,cloud,200
5112,98.027078,cloud,200
5113,100.048726,cloud,200
5114,96.35153,cloud,200
5115,97.893144,cloud,200
5116,98.558073,cloud,200
5117,98.228792,cloud,200
5118,96.1532,cloud,200
5119,99.683603,cloud,200
5120,101.964933,cloud,200
5121,99.689271,cloud,200
5122,97.316606,cloud,200
5123,109.549085,cloud,200
5124,98.940373,cloud,200
5125,99.957061,cloud,200
5126,98.704416,cloud,200
5127,98.819274,cloud,200
5128,96.507395,cloud,200
5129,97.800122,cloud,200
5130,99.67467,cloud,200
5131,98.469428,cloud,200
5132,98.850443,cloud,200
5133,100.733476,cloud,200
5134,94.420217,cloud,200
5135,96.580169,cloud,200
5136,98.756444,cloud,200
5137,99.1514,cloud,200
5138,98.780575,cloud,200
5139,100.468532,cloud,200
5140,98.777431,cloud,200
5141,96.484034,cloud,200
5142,98.814921,cloud,200
5143,97.595188,cloud,200
5144,97.157108,cloud,200
5145,96.745791,cloud,200
5146,97.90989,cloud,200
5147,99.803265,cloud,200
5148,98.79833,cloud,200
5149,100.001757,cloud,200
5150,97.061669,cloud,200
5151,106.199904,cloud,200
5152,98.298572,cloud,200
5153,100.616315,cloud,200
5154,98.654002,cloud,200
5155,100.190983,cloud,200
5156,98.892746,cloud,200
5157,97.478036,cloud,200
5158,99.985088,cloud,200
5159,100.370685,cloud,200
5160,96.732978,cloud,200
5161,99.567235,cloud,200
5162,99.249602,cloud,200
5163,98.861089,cloud,200
5164,98.740437,cloud,200
5165,97.371767,cloud,200
5166,99.831087,cloud,200
5167,98.590402,cloud,200
5168,98.357908,cloud,200
5169,99.377036,cloud,200
5170,98.772639,cloud,200
5171,98.424521,cloud,200
5172,97.145975,cloud,200
5173,98.872974,cloud,200
5174,99.32044,cloud,200
5175,97.522144,cloud,200
5176,97.533485,cloud,200
5177,97.883101,cloud,200
5178,97.462847,cloud,200
5179,98.268157,cloud,200
5180,98.76805,cloud,200
5181,99.177654,cloud,200
5182,97.199056,cloud,200
5183,97.360173,cloud,200
5184,98.912888,cloud,200
5185,99.987888,cloud,200
5186,98.634285,cloud,200
5187,98.475266,cloud,200
5188,99.941564,cloud,200
5189,97.121644,cloud,200
5190,98.140864,cloud,200
5191,97.417371,cloud,200
5192,98.241951,cloud,200
5193,99.771857,cloud,200
5194,97.086622,cloud,200
5195,98.888202,cloud,200
5196,95.722879,cloud,200
5197,98.473436,cloud,200
5198,101.910728,cloud,200
5199,96.780295,cloud,200
5200,97.237867,cloud,200
5201,98.746445,cloud,200
5202,99.104096,cloud,200
5203,101.19069,cloud,200
5204,97.51897,cloud,200
5205,98.774732,cloud,200
5206,97.805639,cloud,200
5207,99.438467,cloud,200
5208,97.220245,cloud,200
5209,98.793046,cloud,200
5210,98.894507,cloud,200
5211,99.403209,cloud,200
5212,99.657923,cloud,200
5213,99.111751,cloud,200
5214,97.453963,cloud,200
5215,95.748754,cloud,200
5216,100.015076,cloud,200
5217,98.604824,cloud,200
5218,101.624941,cloud,200
5219,99.494157,cloud,200
5220,98.986648,cloud,200
5221,100.0055,cloud,200
5222,98.653914,cloud,200
5223,96.526593,cloud,200
5224,98.955166,cloud,200
5225,97.644949,cloud,200
5226,98.711929,cloud,200
5227,99.386589,cloud,200
5228,97.816006,cloud,200
5229,97.498606,cloud,200
5230,98.247771,cloud,200
5231,96.108178,cloud,200
5232,97.508502,cloud,200
5233,97.696051,cloud,200
5234,97.108484,cloud,200
5235,97.291912,cloud,200
5236,97.733926,cloud,200
5237,99.879402,cloud,200
5238,99.502748,cloud,200
5239,99.300919,cloud,200
5240,98.686021,cloud,200
5241,99.633409,cloud,200
5242,111.475791,cloud,200
5243,99.663606,cloud,200
5244,99.661586,cloud,200
5245,98.295136,cloud,200
5246,99.225824,cloud,200
5247,99.444766,cloud,200
5248,98.206846,cloud,200
5249,98.857282,cloud,200
5250,100.550892,cloud,200
5251,100.379762,cloud,200
5252,102.093568,cloud,200
5253,98.464068,cloud,200
5254,100.252631,cloud,200
5255,99.648697,cloud,200
5256,100.963697,cloud,200
5257,100.983773,cloud,200
5258,103.357335,cloud,200
5259,101.369222,cloud,200
5260,99.718528,cloud,200
5261,97.63811,cloud,200
5262,102.654567,cloud,200
5263,100.562128,cloud,200
5264,97.593019,cloud,200
5265,100.017641,cloud,200
5266,97.466522,cloud,200
5267,98.788077,cloud,200
5268,102.319052,cloud,200
5269,101.274367,cloud,200
5270,97.245799,cloud,200
5271,100.186575,cloud,200
5272,103.743596,cloud,200
5273,98.672619,cloud,200
5274,101.128968,cloud,200
5275,100.278095,cloud,200
5276,98.304128,cloud,200
5277,101.52673,cloud,200
5278,98.670386,cloud,200
5279,99.764816,cloud,200
5280,100.823883,cloud,200
5281,98.995623,cloud,200
5282,98.510198,cloud,200
5283,100.698195,cloud,200
5284,97.66663,cloud,200
5285,98.236394,cloud,200
5286,98.763703,cloud,200
5287,96.849932,cloud,200
5288,99.170173,cloud,200
5289,98.892747,cloud,200
5290,96.62091,cloud,200
5291,99.24655,cloud,200
5292,97.644499,cloud,200
5293,97.539428,cloud,200
5294,99.23241,cloud,200
5295,97.98706,cloud,200
5296,98.233791,cloud,200
5297,101.016314,cloud,200
5298,103.448553,cloud,200
5299,98.571557,cloud,200
5300,99.531518,cloud,200
5301,98.54678,cloud,200
5302,99.772578,cloud,200
5303,97.774847,cloud,200
5304,99.18132,cloud,200
5305,98.870931,cloud,200
5306,97.163763,cloud,200
5307,98.341418,cloud,200
5308,98.730152,cloud,200
5309,99.204876,cloud,200
5310,98.105611,cloud,200
5311,98.18638,cloud,200
5312,98.38896,cloud,200
5313,97.057762,cloud,200
5314,99.772262,cloud,200
5315,99.737543,cloud,200
5316,98.5914,cloud,200
5317,100.739467,cloud,200
5318,98.84465,cloud,200
5319,96.12233,cloud,200
5320,98.42389,cloud,200
5321,99.012346,cloud,200
5322,99.410306,cloud,200
5323,97.910472,cloud,200
5324,100.94597,cloud,200
5325,98.542163,cloud,200
5326,97.595872,cloud,200
5327,101.770758,cloud,200
5328,98.381314,cloud,200
5329,99.760879,cloud,200
5330,99.62979,cloud,200
5331,97.801792,cloud,200
5332,97.216619,cloud,200
5333,97.975493,cloud,200
5334,99.432094,cloud,200
5335,97.904209,cloud,200
5336,97.968288,cloud,200
5337,99.725372,cloud,200
5338,98.155272,cloud,200
5339,97.548068,cloud,200
5340,98.563907,cloud,200
5341,96.926615,cloud,200
5342,98.522445,cloud,200
5343,97.243157,cloud,200
5344,97.792134,cloud,200
5345,98.730476,cloud,200
5346,100.996648,cloud,200
5347,99.64137,cloud,200
5348,97.334491,cloud,200
5349,99.357684,cloud,200
5350,102.117075,cloud,200
5351,98.61738,cloud,200
5352,100.182079,cloud,200
5353,97.159641,cloud,200
5354,102.132491,cloud,200
5355,104.589398,cloud,200
5356,98.803974,cloud,200
5357,102.135479,cloud,200
5358,100.241963,cloud,200
5359,98.520148,cloud,200
5360,98.879438,cloud,200
5361,99.906624,cloud,200
5362,100.876399,cloud,200
5363,101.386767,cloud,200
5364,99.249078,cloud,200
5365,101.299615,cloud,200
5366,100.173067,cloud,200
5367,99.995136,cloud,200
5368,96.972766,cloud,200
5369,98.7342,cloud,200
5370,97.629798,cloud,200
5371,98.499454,cloud,200
5372,97.11198,cloud,200
5373,99.397038,cloud,200
5374,99.675163,cloud,200
5375,103.535387,cloud,200
5376,98.577268,cloud,200
5377,99.101294,cloud,200
5378,100.748776,cloud,200
5379,99.221002,cloud,200
5380,99.814203,cloud,200
5381,97.421764,cloud,200
5382,99.851812,cloud,200
5383,99.958618,cloud,200
5384,100.865916,cloud,200
5385,100.799329,cloud,200
5386,96.405417,cloud,200
5387,99.198086,cloud,200
5388,101.583897,cloud,200
5389,101.890806,cloud,200
5390,97.067925,cloud,200
5391,98.289151,cloud,200
5392,100.362427,cloud,200
5393,98.902972,cloud,200
5394,99.827856,cloud,200
5395,102.733401,cloud,200
5396,98.06568,cloud,200
5397,99.810828,cloud,200
5398,99.414504,cloud,200
5399,98.800266,cloud,200
5400,199.13524,cloud,200
5401,389.865316,cloud,200
5402,386.47892,cloud,200
5403,386.124599,cloud,200
5404,388.012232,cloud,200
5405,386.386754,cloud,200
5406,388.2331,cloud,200
5407,386.011925,cloud,200
5408,386.595536,cloud,200
5409,384.936763,cloud,200
5410,387.583272,cloud,200
5411,386.969034,cloud,200
5412,387.584584,cloud,200
5413,385.167277,cloud,200
5414,386.520552,cloud,200
5415,386.562147,cloud,200
5416,385.890134,cloud,200
5417,387.464857,cloud,200
5418,387.636838,cloud,200
5419,384.565811,cloud,200
5420,386.440946,cloud,200
5421,385.819859,cloud,200
5422,386.667855,cloud,200
5423,384.532591,cloud,200
5424,388.968512,cloud,200
5425,385.792547,cloud,200
5426,386.879891,cloud,200
5427,385.385816,cloud,200
5428,384.768658,cloud,200
5429,388.350907,cloud,200
5430,387.999703,cloud,200
5431,386.737842,cloud,200
5432,385.977902,cloud,200
5433,385.781209,cloud,200
5434,386.810457,cloud,200
5435,384.626566,cloud,200
5436,387.089413,cloud,200
5437,387.449017,cloud,200
5438,109.32787,cloud,200
5439,97.635557,cloud,200
5440,97.217877,cloud,200
5441,97.536405,cloud,200
5442,96.510302,cloud,200
5443,94.954868,cloud,200
5444,97.09176,cloud,200
5445,95.772338,cloud,200
5446,97.685456,cloud,200
5447,96.312194,cloud,200
5448,97.952533,cloud,200
5449,97.104156,cloud,200
5450,98.198573,cloud,200
5451,97.37395,cloud,200
5452,100.083826,cloud,200
5453,98.79963,cloud,200
5454,100.353012,cloud,200
5455,97.686634,cloud,200
5456,98.18569,cloud,200
5457,99.181105,cloud,200
5458,96.402227,cloud,200
5459,99.279199,cloud,200
5460,100.427096,cloud,200
5461,98.924588,cloud,200
5462,97.963686,cloud,200
5463,98.451009,cloud,200
5464,99.655888,cloud,200
5465,100.651372,cloud,200
5466,98.923596,cloud,200
5467,99.746401,cloud,200
5468,101.802589,cloud,200
5469,99.698772,cloud,200
5470,98.138731,cloud,200
5471,97.568755,cloud,200
5472,97.999317,cloud,200
5473,97.878575,cloud,200
5474,99.818891,cloud,200
5475,98.970007,cloud,200
5476,104.698017,cloud,200
5477,96.824065,cloud,200
5478,95.825179,cloud,200
5479,99.902185,cloud,200
5480,99.083102,cloud,200
5481,99.092242,cloud,200
5482,97.554855,cloud,200
5483,98.064632,cloud,200
5484,98.250418,cloud,200
5485,98.838942,cloud,200
5486,97.027953,cloud,200
5487,98.056545,cloud,200
5488,100.037452,cloud,200
5489,99.408608,cloud,200
5490,100.191854,cloud,200
5491,98.12315,cloud,200
5492,96.991206,cloud,200
5493,100.373444,cloud,200
5494,100.624892,cloud,200
5495,98.663843,cloud,200
5496,99.108368,cloud,200
5497,97.057656,cloud,200
5498,98.090575,cloud,200
5499,97.509395,cloud,200
5500,95.902487,cloud,200
5501,99.359855,cloud,200
5502,100.15574,cloud,200
5503,97.729748,cloud,200
5504,97.484482,cloud,200
5505,97.081342,cloud,200
5506,98.293322,cloud,200
5507,100.529527,cloud,200
5508,97.565088,cloud,200
5509,99.505156,cloud,200
5510,99.385007,cloud,200
5511,97.084485,cloud,200
5512,97.994345,cloud,200
5513,99.236827,cloud,200
5514,102.392414,cloud,200
5515,98.886555,cloud,200
5516,98.912275,cloud,200
5517,101.64506,cloud,200
5518,98.524853,cloud,200
5519,99.767618,cloud,200
5520,100.211917,cloud,200
5521,100.285973,cloud,200
5522,97.831076,cloud,200
5523,100.084211,cloud,200
5524,97.50732,cloud,200
5525,99.102275,cloud,200
5526,99.004515,cloud,200
5527,95.164165,cloud,200
5528,98.645532,cloud,200
5529,100.105845,cloud,200
5530,98.195399,cloud,200
5531,99.669407,cloud,200
5532,99.59457,cloud,200
5533,99.648324,cloud,200
5534,97.001487,cloud,200
5535,100.463885,cloud,200
5536,107.543713,cloud,200
5537,98.437818,cloud,200
5538,98.760196,cloud,200
5539,97.355303,cloud,200
5540,97.622144,cloud,200
5541,99.017804,cloud,200
5542,98.439578,cloud,200
5543,97.666237,cloud,200
5544,100.288284,cloud,200
5545,99.62789,cloud,200
5546,95.525518,cloud,200
5547,97.565151,cloud,200
5548,98.334916,cloud,200
5549,96.184367,cloud,200
5550,101.70787,cloud,200
5551,99.060008,cloud,200
5552,97.386498,cloud,200
5553,97.946803,cloud,200
5554,97.663067,cloud,200
5555,98.012285,cloud,200
5556,99.990725,cloud,200
5557,98.947608,cloud,200
5558,97.261574,cloud,200
5559,97.702574,cloud,200
5560,97.723686,cloud,200
5561,97.495646,cloud,200
5562,100.007286,cloud,200
5563,99.723087,cloud,200
5564,96.950582,cloud,200
5565,97.627588,cloud,200
5566,98.035191,cloud,200
5567,97.215854,cloud,200
5568,98.708099,cloud,200
5569,98.929472,cloud,200
5570,98.710778,cloud,200
5571,97.898366,cloud,200
5572,98.587392,cloud,200
5573,98.121171,cloud,200
5574,98.675308,cloud,200
5575,98.678495,cloud,200
5576,97.195348,cloud,200
5577,98.78855,cloud,200
5578,101.472105,cloud,200
5579,99.599399,cloud,200
5580,99.968109,cloud,200
5581,95.46494,cloud,200
5582,99.376516,cloud,200
5583,101.878279,cloud,200
5584,99.901827,cloud,200
5585,100.873044,cloud,200
5586,99.036622,cloud,200
5587,101.34923,cloud,200
5588,97.890763,cloud,200
5589,97.706285,cloud,200
5590,98.138804,cloud,200
5591,99.248368,cloud,200
5592,98.439358,cloud,200
5593,99.801283,cloud,200
5594,98.297799,cloud,200
5595,95.016486,cloud,200
5596,97.534702,cloud,200
5597,96.902207,cloud,200
5598,98.451462,cloud,200
5599,99.886141,cloud,200
5600,99.373311,cloud,200
5601,99.002174,cloud,200
5602,99.329172,cloud,200
5603,99.078401,cloud,200
5604,99.29736,cloud,200
5605,99.520843,cloud,200
5606,98.941613,cloud,200
5607,100.845984,cloud,200
5608,100.465248,cloud,200
5609,97.303449,cloud,200
5610,97.291706,cloud,200
5611,111.51802,cloud,200
5612,98.079962,cloud,200
5613,98.255406,cloud,200
5614,99.386207,cloud,200
5615,97.812425,cloud,200
5616,101.310965,cloud,200
5617,96.741142,cloud,200
5618,98.383054,cloud,200
5619,99.03441,cloud,200
5620,101.534125,cloud,200
5621,100.798092,cloud,200
5622,101.989429,cloud,200
5623,98.499621,cloud,200
5624,97.484209,cloud,200
5625,98.731221,cloud,200
5626,97.893026,cloud,200
5627,96.783568,cloud,200
5628,99.086431,cloud,200
5629,99.659084,cloud,200
5630,99.162129,cloud,200
5631,97.79692,cloud,200
5632,98.938032,cloud,200
5633,99.208574,cloud,200
5634,98.844105,cloud,200
5635,100.242642,cloud,200
5636,99.31678,cloud,200
5637,95.216298,cloud,200
5638,98.784737,cloud,200
5639,100.057651,cloud,200
5640,100.310639,cloud,200
5641,99.313299,cloud,200
5642,98.677663,cloud,200
5643,99.661009,cloud,200
5644,100.294287,cloud,200
5645,97.670783,cloud,200
5646,97.617631,cloud,200
5647,101.522719,cloud,200
5648,100.958482,cloud,200
5649,97.443445,cloud,200
5650,99.163121,cloud,200
5651,99.877779,cloud,200
5652,101.916128,cloud,200
5653,102.034351,cloud,200
5654,98.210101,cloud,200
5655,98.15142,cloud,200
5656,97.401782,cloud,200
5657,100.604588,cloud,200
5658,97.497094,cloud,200
5659,97.424216,cloud,200
5660,98.124699,cloud,200
5661,97.354314,cloud,200
5662,100.377706,cloud,200
5663,98.836438,cloud,200
5664,98.944518,cloud,200
5665,98.471656,cloud,200
5666,99.681957,cloud,200
5667,97.960709,cloud,200
5668,98.557307,cloud,200
5669,101.910837,cloud,200
5670,98.5193,cloud,200
5671,99.895901,cloud,200
5672,98.741356,cloud,200
5673,98.034121,cloud,200
5674,96.645147,cloud,200
5675,100.413076,cloud,200
5676,97.729836,cloud,200
5677,98.224183,cloud,200
5678,96.962468,cloud,200
5679,100.069808,cloud,200
5680,98.506461,cloud,200
5681,98.496081,cloud,200
5682,96.902214,cloud,200
5683,96.366733,cloud,200
5684,96.369419,cloud,200
5685,97.61643,cloud,200
5686,101.288892,cloud,200
5687,98.531101,cloud,200
5688,98.863051,cloud,200
5689,98.113775,cloud,200
5690,99.808364,cloud,200
5691,101.671522,cloud,200
5692,99.245832,cloud,200
5693,98.610122,cloud,200
5694,98.955827,cloud,200
5695,95.364717,cloud,200
5696,97.775539,cloud,200
5697,98.964266,cloud,200
5698,98.685794,cloud,200
5699,99.08168,cloud,200
5700,98.576979,cloud,200
5701,97.403962,cloud,200
5702,100.900533,cloud,200
5703,99.1474,cloud,200
5704,99.108202,cloud,200
5705,97.496781,cloud,200
5706,98.412083,cloud,200
5707,97.241786,cloud,200
5708,95.729394,cloud,200
5709,96.165602,cloud,200
5710,95.627954,cloud,200
5711,99.101484,cloud,200
5712,101.140408,cloud,200
5713,97.31293,cloud,200
5714,96.550256,cloud,200
5715,98.832565,cloud,200
5716,97.42134,cloud,200
5717,98.495167,cloud,200
5718,100.057585,cloud,200
5719,97.488758,cloud,200
5720,98.865128,cloud,200
5721,99.246278,cloud,200
5722,97.934759,cloud,200
5723,96.168465,cloud,200
5724,99.94337,cloud,200
5725,96.853696,cloud,200
5726,96.18537,cloud,200
5727,99.885965,cloud,200
5728,99.567494,cloud,200
5729,99.246757,cloud,200
5730,96.941053,cloud,200
5731,98.905618,cloud,200
5732,98.095551,cloud,200
5733,98.369244,cloud,200
5734,106.991927,cloud,200
5735,98.391248,cloud,200
5736,97.367193,cloud,200
5737,99.307835,cloud,200
5738,98.917329,cloud,200
5739,100.487322,cloud,200
5740,97.690389,cloud,200
5741,99.126934,cloud,200
5742,100.066157,cloud,200
5743,99.124358,cloud,200
5744,101.633777,cloud,200
5745,101.683481,cloud,200
5746,99.872919,cloud,200
5747,99.702489,cloud,200
5748,98.238139,cloud,200
5749,99.707709,cloud,200
5750,98.858697,cloud,200
5751,98.90139,cloud,200
5752,98.072289,cloud,200
5753,98.333192,cloud,200
5754,98.081736,cloud,200
5755,99.683088,cloud,200
5756,99.779244,cloud,200
5757,102.234128,cloud,200
5758,97.401566,cloud,200
5759,98.236957,cloud,200
5760,101.141689,cloud,200
5761,98.862056,cloud,200
5762,97.878679,cloud,200
5763,98.657047,cloud,200
5764,96.461611,cloud,200
5765,96.785865,cloud,200
5766,99.672737,cloud,200
5767,98.882154,cloud,200
5768,100.70703,cloud,200
5769,96.878325,cloud,200
5770,99.943824,cloud,200
5771,99.07394,cloud,200
5772,99.929224,cloud,200
5773,97.611488,cloud,200
5774,100.49735,cloud,200
5775,98.009833,cloud,200
5776,98.278805,cloud,200
5777,99.168062,cloud,200
5778,100.679246,cloud,200
5779,98.579607,cloud,200
5780,98.84115,cloud,200
5781,100.048021,cloud,200
5782,97.85758,cloud,200
5783,101.237951,cloud,200
5784,99.832826,cloud,200
5785,98.883621,cloud,200
5786,101.108207,cloud,200
5787,98.991947,cloud,200
5788,100.858599,cloud,200
5789,102.158493,cloud,200
5790,96.632742,cloud,200
5791,96.755639,cloud,200
5792,100.55629,cloud,200
5793,97.26178,cloud,200
5794,98.736649,cloud,200
5795,102.237807,cloud,200
5796,100.779245,cloud,200
5797,96.94882,cloud,200
5798,98.596025,cloud,200
5799,97.929781,cloud,200
5800,97.038011,cloud,200
5801,98.894682,cloud,200
5802,96.628225,cloud,200
5803,98.882873,cloud,200
5804,97.756644,cloud,200
5805,99.278954,cloud,200
5806,100.234232,cloud,200
5807,98.542044,cloud,200
5808,99.537649,cloud,200
5809,97.199723,cloud,200
5810,99.636488,cloud,200
5811,98.066844,cloud,200
5812,99.720016,cloud,200
5813,98.041217,cloud,200
5814,99.608356,cloud,200
5815,100.715921,cloud,200
5816,101.022666,cloud,200
5817,100.478582,cloud,200
5818,98.030628,cloud,200
5819,98.468628,cloud,200
5820,101.553512,cloud,200
5821,99.987718,cloud,200
5822,96.609892,cloud,200
5823,100.971674,cloud,200
5824,97.948317,cloud,200
5825,97.916079,cloud,200
5826,99.595833,cloud,200
5827,98.090843,cloud,200
5828,100.688582,cloud,200
5829,97.915777,cloud,200
5830,101.877174,cloud,200
5831,100.438945,cloud,200
5832,100.506147,cloud,200
5833,96.174787,cloud,200
5834,98.828897,cloud,200
5835,100.095396,cloud,200
5836,99.122861,cloud,200
5837,101.22798,cloud,200
5838,99.765808,cloud,200
5839,100.59855,cloud,200
5840,98.548067,cloud,200
5841,100.515545,cloud,200
5842,98.011645,cloud,200
5843,99.692504,cloud,200
5844,99.012997,cloud,200
5845,98.561931,cloud,200
5846,99.117503,cloud,200
5847,99.460306,cloud,200
5848,98.086877,cloud,200
5849,99.926548,cloud,200
5850,101.182044,cloud,200
5851,98.327789,cloud,200
5852,98.278372,cloud,200
5853,98.653842,cloud,200
5854,96.697346,cloud,200
5855,100.124847,cloud,200
5856,101.666964,cloud,200
5857,98.306348,cloud,200
5858,99.661053,cloud,200
5859,96.580876,cloud,200
5860,97.095735,cloud,200
5861,96.94048,cloud,200
5862,98.465364,cloud,200
5863,99.04158,cloud,200
5864,96.782514,cloud,200
5865,97.988526,cloud,200
5866,98.256299,cloud,200
5867,98.032987,cloud,200
5868,97.256473,cloud,200
5869,99.419863,cloud,200
5870,98.638045,cloud,200
5871,101.41783,cloud,200
5872,97.158763,cloud,200
5873,98.602219,cloud,200
5874,97.524023,cloud,200
5875,96.00018,cloud,200
5876,98.427449,cloud,200
5877,98.866987,cloud,200
5878,97.831224,cloud,200
5879,98.306532,cloud,200
5880,97.972162,cloud,200
5881,99.238172,cloud,200
5882,97.32528,cloud,200
5883,99.413843,cloud,200
5884,99.229278,cloud,200
5885,99.308255,cloud,200
5886,97.98,cloud,200
5887,99.194438,cloud,200
5888,99.907845,cloud,200
5889,95.040974,cloud,200
5890,98.282194,cloud,200
5891,99.868328,cloud,200
5892,99.656743,cloud,200
5893,100.085365,cloud,200
5894,100.928003,cloud,200
5895,98.057903,cloud,200
5896,95.978994,cloud,200
5897,95.124006,cloud,200
5898,96.483896,cloud,200
5899,96.336526,cloud,200
5900,98.019448,cloud,200
5901,98.660244,cloud,200
5902,99.985619,cloud,200
5903,97.893132,cloud,200
5904,98.368636,cloud,200
5905,99.152825,cloud,200
5906,98.507245,cloud,200
5907,99.122834,cloud,200
5908,98.097348,cloud,200
5909,99.203086,cloud,200
5910,100.769051,cloud,200
5911,104.02343,cloud,200
5912,101.767474,cloud,200
5913,101.765382,cloud,200
5914,104.035365,cloud,200
5915,98.732993,cloud,200
5916,100.544234,cloud,200
5917,99.219941,cloud,200
5918,100.469651,cloud,200
5919,98.701731,cloud,200
5920,99.151549,cloud,200
5921,98.023061,cloud,200
5922,99.519584,cloud,200
5923,101.068631,cloud,200
5924,100.616465,cloud,200
5925,99.929361,cloud,200
5926,102.542692,cloud,200
5927,101.737111,cloud,200
5928,104.545195,cloud,200
5929,99.473177,cloud,200
5930,99.071789,cloud,200
5931,97.82675,cloud,200
5932,100.16437,cloud,200
5933,101.23558,cloud,200
5934,98.816869,cloud,200
5935,98.912995,cloud,200
5936,98.315877,cloud,200
5937,101.982475,cloud,200
5938,102.799242,cloud,200
5939,100.251916,cloud,200
5940,100.42241,cloud,200
5941,98.891459,cloud,200
5942,101.043485,cloud,200
5943,100.758279,cloud,200
5944,100.403755,cloud,200
5945,98.453511,cloud,200
5946,97.092444,cloud,200
5947,98.414333,cloud,200
5948,97.316,cloud,200
5949,98.356431,cloud,200
5950,99.67294,cloud,200
5951,96.417028,cloud,200
5952,97.251763,cloud,200
5953,97.711273,cloud,200
5954,96.600703,cloud,200
5955,95.55444,cloud,200
5956,99.952554,cloud,200
5957,99.136984,cloud,200
5958,99.290369,cloud,200
5959,98.473057,cloud,200
5960,100.398598,cloud,200
5961,99.760011,cloud,200
5962,98.398307,cloud,200
5963,99.969826,cloud,200
5964,99.995956,cloud,200
5965,98.814418,cloud,200
5966,99.326963,cloud,200
5967,98.698651,cloud,200
5968,99.471744,cloud,200
5969,97.174937,cloud,200
5970,97.365247,cloud,200
5971,98.900916,cloud,200
5972,95.289214,cloud,200
5973,96.951448,cloud,200
5974,96.863252,cloud,200
5975,100.262708,cloud,200
5976,99.135808,cloud,200
5977,100.179443,cloud,200
5978,99.23019,cloud,200
5979,98.49789,cloud,200
5980,99.274251,cloud,200
5981,98.31531,cloud,200
5982,99.766977,cloud,200
5983,97.433098,cloud,200
5984,98.430112,cloud,200
5985,97.116375,cloud,200
5986,95.867149,cloud,200
5987,98.87263,cloud,200
5988,101.25943,cloud,200
5989,101.113265,cloud,200
5990,99.394874,cloud,200
5991,98.732632,cloud,200
5992,100.254672,cloud,200
5993,98.282452,cloud,200
5994,99.058042,cloud,200
5995,97.016312,cloud,200
5996,99.040743,cloud,200
5997,101.979787,cloud,200
5998,97.460669,cloud,200
5999,96.52078,cloud,200
6000,193.959606,cloud,200
6001,385.751551,cloud,200
6002,384.556814,cloud,200
6003,386.367604,cloud,200
6004,384.115754,cloud,200
6005,383.101705,cloud,200
6006,387.837765,cloud,200
6007,390.086285,cloud,200
6008,385.018035,cloud,200
6009,385.594337,cloud,200
6010,386.906805,cloud,200
6011,386.215826,cloud,200
6012,387.941804,cloud,200
6013,383.654362,cloud,200
6014,385.121019,cloud,200
6015,387.552556,cloud,200
6016,386.138217,cloud,200
6017,384.702436,cloud,200
6018,385.097829,cloud,200
6019,385.760587,cloud,200
6020,386.594668,cloud,200
6021,383.385123,cloud,200
6022,384.859425,cloud,200
6023,387.385437,cloud,200
6024,384.229637,cloud,200
6025,386.51269,cloud,200
6026,384.472046,cloud,200
6027,383.689937,cloud,200
6028,387.866246,cloud,200
6029,384.427953,cloud,200
6030,387.948093,cloud,200
6031,388.776351,cloud,200
6032,385.557792,cloud,200
6033,386.612649,cloud,200
6034,390.057309,cloud,200
6035,386.800787,cloud,200
6036,388.452021,cloud,200
6037,388.141445,cloud,200
6038,109.715308,cloud,200
6039,98.630054,cloud,200
6040,101.377842,cloud,200
6041,98.97111,cloud,200
6042,97.477113,cloud,200
6043,99.434302,cloud,200
6044,99.086219,cloud,200
6045,98.8764,cloud,200
6046,99.029393,cloud,200
6047,100.536198,cloud,200
6048,99.360408,cloud,200
6049,100.584465,cloud,200
6050,98.571496,cloud,200
6051,98.407414,cloud,200
6052,98.601939,cloud,200
6053,98.327029,cloud,200
6054,101.398513,cloud,200
6055,100.158322,cloud,200
6056,99.413791,cloud,200
6057,97.237081,cloud,200
6058,97.129767,cloud,200
6059,97.196597,cloud,200
6060,97.483301,cloud,200
6061,96.631327,cloud,200
6062,99.353692,cloud,200
6063,96.70917,cloud,200
6064,95.592078,cloud,200
6065,95.87163,cloud,200
6066,100.978579,cloud,200
6067,95.906786,cloud,200
6068,99.270432,cloud,200
6069,96.035932,cloud,200
6070,98.980525,cloud,200
6071,98.60591,cloud,200
6072,100.650162,cloud,200
6073,98.948601,cloud,200
6074,100.591109,cloud,200
6075,105.153406,cloud,200
6076,99.044086,cloud,200
6077,97.533095,cloud,200
6078,97.456434,cloud,200
6079,97.687459,cloud,200
6080,100.337725,cloud,200
6081,98.63586,cloud,200
6082,98.407064,cloud,200
6083,100.064851,cloud,200
6084,98.529226,cloud,200
6085,98.42579,cloud,200
6086,99.645549,cloud,200
6087,99.196479,cloud,200
6088,96.914721,cloud,200
6089,100.118253,cloud,200
6090,97.19353,cloud,200
6091,99.662394,cloud,200
6092,99.92639,cloud,200
6093,98.136186,cloud,200
6094,100.397104,cloud,200
6095,98.189978,cloud,200
6096,98.584078,cloud,200
6097,99.030492,cloud,200
6098,99.166714,cloud,200
6099,98.051617,cloud,200
6100,98.637092,cloud,200
6101,100.371625,cloud,200
6102,96.71995,cloud,200
6103,99.85936,cloud,200
6104,99.282365,cloud,200
6105,101.147007,cloud,200
6106,99.342021,cloud,200
6107,98.269083,cloud,200
6108,97.186726,cloud,200
6109,97.540166,cloud,200
6110,97.484789,cloud,200
6111,98.664215,cloud,200
6112,99.48111,cloud,200
6113,97.651136,cloud,200
6114,96.408859,cloud,200
6115,98.287672,cloud,200
6116,98.132818,cloud,200
6117,99.249856,cloud,200
6118,99.939372,cloud,200
6119,99.960993,cloud,200
6120,100.870877,cloud,200
6121,98.426335,cloud,200
6122,96.868116,cloud,200
6123,98.922265,cloud,200
6124,98.911362,cloud,200
6125,101.171217,cloud,200
6126,98.097385,cloud,200
6127,98.983898,cloud,200
6128,97.204613,cloud,200
6129,98.021259,cloud,200
6130,98.651671,cloud,200
6131,100.054452,cloud,200
6132,99.041402,cloud,200
6133,99.858541,cloud,200
6134,98.245593,cloud,200
6135,97.496021,cloud,200
6136,99.03323,cloud,200
6137,96.122891,cloud,200
6138,101.665996,cloud,200
6139,97.263661,cloud,200
6140,96.990267,cloud,200
6141,99.413251,cloud,200
6142,99.329405,cloud,200
6143,98.492511,cloud,200
6144,100.064909,cloud,200
6145,97.896759,cloud,200
6146,95.262184,cloud,200
6147,96.394914,cloud,200
6148,95.294552,cloud,200
6149,98.736467,cloud,200
6150,97.805328,cloud,200
6151,98.213984,cloud,200
6152,96.093923,cloud,200
6153,98.151898,cloud,200
6154,96.839379,cloud,200
6155,101.121295,cloud,200
6156,97.669872,cloud,200
6157,99.684303,cloud,200
6158,98.532255,cloud,200
6159,96.989052,cloud,200
6160,98.834438,cloud,200
6161,97.507556,cloud,200
6162,99.296001,cloud,200
6163,102.998389,cloud,200
6164,97.46827,cloud,200
6165,97.233871,cloud,200
6166,99.179931,cloud,200
6167,98.644773,cloud,200
6168,95.550831,cloud,200
6169,98.945268,cloud,200
6170,99.33398,cloud,200
6171,98.573997,cloud,200
6172,97.241866,cloud,200
6173,95.989081,cloud,200
6174,98.930042,cloud,200
6175,100.393063,cloud,200
6176,98.660857,cloud,200
6177,99.159343,cloud,200
6178,99.5921,cloud,200
6179,96.350912,cloud,200
6180,97.126121,cloud,200
6181,97.979131,cloud,200
6182,96.708166,cloud,200
6183,99.231504,cloud,200
6184,96.240635,cloud,200
6185,98.860158,cloud,200
6186,99.932033,cloud,200
6187,97.617679,cloud,200
6188,96.323833,cloud,200
6189,98.086607,cloud,200
6190,99.120343,cloud,200
6191,97.574865,cloud,200
6192,98.185763,cloud,200
6193,97.514472,cloud,200
6194,98.22904,cloud,200
6195,97.259361,cloud,200
6196,96.334522,cloud,200
6197,96.253963,cloud,200
6198,97.741519,cloud,200
6199,97.335655,cloud,200
6200,97.290691,cloud,200
6201,97.080995,cloud,200
6202,99.644826,cloud,200
6203,96.789867,cloud,200
6204,96.577417,cloud,200
6205,98.917245,cloud,200
6206,97.345972,cloud,200
6207,97.371486,cloud,200
6208,99.031623,cloud,200
6209,96.878759,cloud,200
6210,100.704105,cloud,200
6211,98.550159,cloud,200
6212,98.2415,cloud,200
6213,97.260516,cloud,200
6214,96.645184,cloud,200
6215,96.076155,cloud,200
6216,95.906616,cloud,200
6217,96.735217,cloud,200
6218,95.941787,cloud,200
6219,98.999055,cloud,200
6220,98.808422,cloud,200
6221,98.908376,cloud,200
6222,96.650869,cloud,200
6223,98.477902,cloud,200
6224,97.943327,cloud,200
6225,98.516539,cloud,200
6226,98.565525,cloud,200
6227,98.376537,cloud,200
6228,97.969363,cloud,200
6229,98.968153,cloud,200
6230,97.832716,cloud,200
6231,95.375082,cloud,200
6232,96.567741,cloud,200
6233,96.673208,cloud,200
6234,99.946859,cloud,200
6235,97.70173,cloud,200
6236,98.648228,cloud,200
6237,99.299057,cloud,200
6238,97.329247,cloud,200
6239,98.647859,cloud,200
6240,98.894954,cloud,200
6241,100.549044,cloud,200
6242,96.93736,cloud,200
6243,98.327266,cloud,200
6244,99.793208,cloud,200
6245,98.884519,cloud,200
6246,98.987315,cloud,200
6247,98.484117,cloud,200
6248,99.734221,cloud,200
6249,97.412298,cloud,200
6250,97.686809,cloud,200
6251,96.800573,cloud,200
6252,99.684774,cloud,200
6253,99.00988,cloud,200
6254,97.97154,cloud,200
6255,98.017017,cloud,200
6256,97.258294,cloud,200
6257,98.38839,cloud,200
6258,96.819206,cloud,200
6259,99.263847,cloud,200
6260,98.338684,cloud,200
6261,96.059344,cloud,200
6262,98.005946,cloud,200
6263,98.634787,cloud,200
6264,97.30285,cloud,200
6265,95.39744,cloud,200
6266,97.735033,cloud,200
6267,99.300519,cloud,200
6268,99.841663,cloud,200
6269,98.631662,cloud,200
6270,98.963411,cloud,200
6271,97.034112,cloud,200
6272,97.050734,cloud,200
6273,96.562934,cloud,200
6274,100.167586,cloud,200
6275,97.709329,cloud,200
6276,97.436624,cloud,200
6277,98.642409,cloud,200
6278,96.871493,cloud,200
6279,97.748615,cloud,200
6280,97.218189,cloud,200
6281,98.446421,cloud,200
6282,98.794233,cloud,200
6283,97.687235,cloud,200
6284,97.699367,cloud,200
6285,97.502018,cloud,200
6286,98.369114,cloud,200
6287,99.008969,cloud,200
6288,100.893769,cloud,200
6289,99.758824,cloud,200
6290,98.296777,cloud,200
6291,98.412618,cloud,200
6292,98.846277,cloud,200
6293,97.571862,cloud,200
6294,98.288931,cloud,200
6295,95.313625,cloud,200
6296,97.522488,cloud,200
6297,98.111235,cloud,200
6298,98.322297,cloud,200
6299,96.654236,cloud,200
6300,97.996323,cloud,200
6301,98.198241,cloud,200
6302,99.96504,cloud,200
6303,96.009455,cloud,200
6304,95.594336,cloud,200
6305,96.591637,cloud,200
6306,100.225635,cloud,200
6307,97.244828,cloud,200
6308,95.834228,cloud,200
6309,99.023355,cloud,200
6310,95.438148,cloud,200
6311,97.032554,cloud,200
6312,96.393344,cloud,200
6313,97.602272,cloud,200
6314,97.217507,cloud,200
6315,98.747543,cloud,200
6316,95.391653,cloud,200
6317,98.224036,cloud,200
6318,96.147662,cloud,200
6319,98.893078,cloud,200
6320,96.646585,cloud,200
6321,98.492256,cloud,200
6322,95.945015,cloud,200
6323,98.192509,cloud,200
6324,99.468617,cloud,200
6325,96.512533,cloud,200
6326,97.850056,cloud,200
6327,96.162164,cloud,200
6328,97.338914,cloud,200
6329,98.673943,cloud,200
6330,99.82727,cloud,200
6331,97.622912,cloud,200
6332,97.265314,cloud,200
6333,98.295842,cloud,200
6334,94.580215,cloud,200
6335,95.982552,cloud,200
6336,98.67464,cloud,200
6337,97.161444,cloud,200
6338,97.654706,cloud,200
6339,98.177711,cloud,200
6340,100.061307,cloud,200
6341,95.973804,cloud,200
6342,97.276292,cloud,200
6343,99.788309,cloud,200
6344,100.700982,cloud,200
6345,99.923091,cloud,200
6346,95.67945,cloud,200
6347,97.580684,cloud,200
6348,97.863077,cloud,200
6349,96.934243,cloud,200
6350,96.640189,cloud,200
6351,99.521222,cloud,200
6352,96.991495,cloud,200
6353,98.427157,cloud,200
6354,98.778851,cloud,200
6355,98.48533,cloud,200
6356,99.608553,cloud,200
6357,98.686729,cloud,200
6358,95.285963,cloud,200
6359,96.579239,cloud,200
6360,103.111323,cloud,200
6361,97.743496,cloud,200
6362,97.049598,cloud,200
6363,97.470672,cloud,200
6364,99.006825,cloud,200
6365,100.245972,cloud,200
6366,100.138014,cloud,200
6367,99.036049,cloud,200
6368,96.273102,cloud,200
6369,98.795905,cloud,200
6370,100.573375,cloud,200
6371,104.354662,cloud,200
6372,99.695991,cloud,200
6373,96.299178,cloud,200
6374,96.577801,cloud,200
6375,97.424672,cloud,200
6376,97.748316,cloud,200
6377,98.034087,cloud,200
6378,97.689759,cloud,200
6379,95.422565,cloud,200
6380,95.57486,cloud,200
6381,97.215513,cloud,200
6382,94.962011,cloud,200
6383,95.748386,cloud,200
6384,96.917629,cloud,200
6385,99.799246,cloud,200
6386,96.526623,cloud,200
6387,97.32425,cloud,200
6388,98.643334,cloud,200
6389,97.852236,cloud,200
6390,98.405679,cloud,200
6391,96.658883,cloud,200
6392,96.440974,cloud,200
6393,98.509319,cloud,200
6394,100.592539,cloud,200
6395,96.901224,cloud,200
6396,96.470556,cloud,200
6397,96.55338,cloud,200
6398,96.127988,cloud,200
6399,97.21588,cloud,200
6400,97.857093,cloud,200
6401,97.995703,cloud,200
6402,99.386413,cloud,200
6403,97.688465,cloud,200
6404,97.44494,cloud,200
6405,99.14252,cloud,200
6406,97.366318,cloud,200
6407,100.085864,cloud,200
6408,96.85598,cloud,200
6409,98.488463,cloud,200
6410,97.75719,cloud,200
6411,96.558145,cloud,200
6412,96.068766,cloud,200
6413,98.526747,cloud,200
6414,100.385396,cloud,200
6415,98.479548,cloud,200
6416,97.666195,cloud,200
6417,97.798376,cloud,200
6418,98.516003,cloud,200
6419,96.923852,cloud,200
6420,95.035904,cloud,200
6421,98.554727,cloud,200
6422,99.977236,cloud,200
6423,99.740067,cloud,200
6424,98.188303,cloud,200
6425,99.773561,cloud,200
6426,99.494955,cloud,200
6427,98.439015,cloud,200
6428,97.239652,cloud,200
6429,98.098235,cloud,200
6430,98.425891,cloud,200
6431,97.549342,cloud,200
6432,100.159818,cloud,200
6433,95.326368,cloud,200
6434,96.025703,cloud,200
6435,97.803721,cloud,200
6436,96.198306,cloud,200
6437,97.775226,cloud,200
6438,98.492209,cloud,200
6439,98.740489,cloud,200
6440,97.404014,cloud,200
6441,102.219211,cloud,200
6442,100.116662,cloud,200
6443,95.78327,cloud,200
6444,98.586839,cloud,200
6445,96.731976,cloud,200
6446,97.338833,cloud,200
6447,96.948556,cloud,200
6448,96.047874,cloud,200
6449,96.450688,cloud,200
6450,96.901675,cloud,200
6451,99.210152,cloud,200
6452,98.793903,cloud,200
6453,96.941386,cloud,200
6454,96.572357,cloud,200
6455,97.875072,cloud,200
6456,99.838713,cloud,200
6457,98.402474,cloud,200
6458,96.374554,cloud,200
6459,95.889451,cloud,200
6460,97.308764,cloud,200
6461,98.742054,cloud,200
6462,110.459296,cloud,200
6463,99.113406,cloud,200
6464,95.994975,cloud,200
6465,98.330428,cloud,200
6466,100.461908,cloud,200
6467,97.118208,cloud,200
6468,97.099893,cloud,200
6469,99.114949,cloud,200
6470,100.036934,cloud,200
6471,98.406587,cloud,200
6472,97.723681,cloud,200
6473,97.557388,cloud,200
6474,98.85026,cloud,200
6475,97.16693,cloud,200
6476,97.362497,cloud,200
6477,99.259362,cloud,200
6478,99.33932,cloud,200
6479,98.237753,cloud,200
6480,98.454886,cloud,200
6481,96.735905,cloud,200
6482,97.66683,cloud,200
6483,99.215444,cloud,200
6484,98.42884,cloud,200
6485,97.953394,cloud,200
6486,99.75692,cloud,200
6487,97.146432,cloud,200
6488,100.586305,cloud,200
6489,97.45761,cloud,200
6490,97.590679,cloud,200
6491,98.877307,cloud,200
6492,99.000587,cloud,200
6493,97.45567,cloud,200
6494,98.796778,cloud,200
6495,99.812677,cloud,200
6496,98.108057,cloud,200
6497,97.039081,cloud,200
6498,102.029947,cloud,200
6499,96.672641,cloud,200
6500,95.596279,cloud,200
6501,95.138424,cloud,200
6502,96.263875,cloud,200
6503,95.571447,cloud,200
6504,96.760689,cloud,200
6505,98.817802,cloud,200
6506,96.829056,cloud,200
6507,100.309611,cloud,200
6508,97.56373,cloud,200
6509,95.864146,cloud,200
6510,96.291448,cloud,200
6511,102.026777,cloud,200
6512,97.327279,cloud,200
6513,97.344063,cloud,200
6514,97.796654,cloud,200
6515,100.143207,cloud,200
6516,98.279934,cloud,200
6517,101.216578,cloud,200
6518,97.896864,cloud,200
6519,99.124746,cloud,200
6520,99.883541,cloud,200
6521,98.840406,cloud,200
6522,99.771893,cloud,200
6523,100.483848,cloud,200
6524,99.47221,cloud,200
6525,101.831384,cloud,200
6526,99.552379,cloud,200
6527,100.076204,cloud,200
6528,100.616837,cloud,200
6529,99.424554,cloud,200
6530,99.653743,cloud,200
6531,101.030129,cloud,200
6532,98.67933,cloud,200
6533,98.715152,cloud,200
6534,97.951579,cloud,200
6535,97.921989,cloud,200
6536,96.63214,cloud,200
6537,99.041282,cloud,200
6538,100.201775,cloud,200
6539,97.878869,cloud,200
6540,100.489318,cloud,200
6541,101.126457,cloud,200
6542,100.162989,cloud,200
6543,98.230423,cloud,200
6544,98.864502,cloud,200
6545,98.029599,cloud,200
6546,99.225367,cloud,200
6547,99.397386,cloud,200
6548,97.945173,cloud,200
6549,100.475615,cloud,200
6550,96.917218,cloud,200
6551,97.953216,cloud,200
6552,99.580345,cloud,200
6553,101.500327,cloud,200
6554,97.987015,cloud,200
6555,100.491814,cloud,200
6556,100.020393,cloud,200
6557,98.288105,cloud,200
6558,100.527077,cloud,200
6559,102.544578,cloud,200
6560,99.062202,cloud,200
6561,100.433819,cloud,200
6562,100.893541,cloud,200
6563,101.303384,cloud,200
6564,102.144235,cloud,200
6565,98.887458,cloud,200
6566,99.261046,cloud,200
6567,101.997866,cloud,200
6568,101.104988,cloud,200
6569,101.021258,cloud,200
6570,99.068607,cloud,200
6571,100.824814,cloud,200
6572,97.819327,cloud,200
6573,98.063244,cloud,200
6574,94.781784,cloud,200
6575,97.836769,cloud,200
6576,97.866775,cloud,200
6577,101.689364,cloud,200
6578,98.115993,cloud,200
6579,98.192973,cloud,200
6580,97.254512,cloud,200
6581,96.996147,cloud,200
6582,101.586479,cloud,200
6583,98.24059,cloud,200
6584,98.103283,cloud,200
6585,99.102774,cloud,200
6586,97.979418,cloud,200
6587,100.581961,cloud,200
6588,96.355469,cloud,200
6589,100.133487,cloud,200
6590,100.632164,cloud,200
6591,100.57304,cloud,200
6592,97.734119,cloud,200
6593,98.3968,cloud,200
6594,98.805527,cloud,200
6595,99.454456,cloud,200
6596,97.530825,cloud,200
6597,98.275407,cloud,200
6598,98.063342,cloud,200
6599,97.641957,cloud,200
6600,194.933348,cloud,200
6601,387.189318,cloud,200
6602,387.873186,cloud,200
6603,386.238492,cloud,200
6604,386.322086,cloud,200
6605,385.96644,cloud,200
6606,388.288248,cloud,200
6607,390.811868,cloud,200
6608,385.026368,cloud,200
6609,385.183938,cloud,200
6610,388.128382,cloud,200
6611,386.706511,cloud,200
6612,388.745694,cloud,200
6613,387.520824,cloud,200
6614,387.4202,cloud,200
6615,388.378355,cloud,200
6616,387.711282,cloud,200
6617,385.79705,cloud,200
6618,387.083341,cloud,200
6619,387.933578,cloud,200
6620,388.04644,cloud,200
6621,386.833705,cloud,200
6622,386.214484,cloud,200
6623,386.483549,cloud,200
6624,387.052006,cloud,200
6625,387.707776,cloud,200
6626,385.740479,cloud,200
6627,385.405415,cloud,200
6628,387.534408,cloud,200
6629,386.267252,cloud,200
6630,386.975812,cloud,200
6631,389.30131,cloud,200
6632,387.59882,cloud,200
6633,386.3582,cloud,200
6634,386.396721,cloud,200
6635,385.725194,cloud,200
6636,387.424454,cloud,200
6637,388.467199,cloud,200
6638,107.935623,cloud,200
6639,100.479547,cloud,200
6640,98.971613,cloud,200
6641,97.065641,cloud,200
6642,101.92179,cloud,200
6643,99.332966,cloud,200
6644,99.890576,cloud,200
6645,98.092451,cloud,200
6646,97.890345,cloud,200
6647,98.882116,cloud,200
6648,100.281622,cloud,200
6649,98.482191,cloud,200
6650,98.047429,cloud,200
6651,100.223345,cloud,200
6652,98.855781,cloud,200
6653,94.801724,cloud,200
6654,96.366623,cloud,200
6655,98.992435,cloud,200
6656,98.323419,cloud,200
6657,98.090293,cloud,200
6658,99.161752,cloud,200
6659,100.664935,cloud,200
6660,99.049458,cloud,200
6661,99.595996,cloud,200
6662,97.799897,cloud,200
6663,98.318441,cloud,200
6664,98.077052,cloud,200
6665,97.25333,cloud,200
6666,98.345581,cloud,200
6667,99.437564,cloud,200
6668,97.265646,cloud,200
6669,98.100586,cloud,200
6670,99.029968,cloud,200
6671,99.447272,cloud,200
6672,100.176112,cloud,200
6673,98.839495,cloud,200
6674,99.07518,cloud,200
6675,97.463037,cloud,200
6676,97.615106,cloud,200
6677,99.677397,cloud,200
6678,99.277471,cloud,200
6679,95.322037,cloud,200
6680,99.362856,cloud,200
6681,99.680696,cloud,200
6682,97.940305,cloud,200
6683,98.615884,cloud,200
6684,102.304015,cloud,200
6685,98.770979,cloud,200
6686,99.509636,cloud,200
6687,99.635528,cloud,200
6688,99.394769,cloud,200
6689,99.65657,cloud,200
6690,97.066363,cloud,200
6691,96.678682,cloud,200
6692,100.286118,cloud,200
6693,98.930175,cloud,200
6694,99.26603,cloud,200
6695,96.417508,cloud,200
6696,99.685789,cloud,200
6697,98.881292,cloud,200
6698,99.815277,cloud,200
6699,99.345001,cloud,200
6700,99.500362,cloud,200
6701,96.788688,cloud,200
6702,100.186318,cloud,200
6703,99.689931,cloud,200
6704,99.797941,cloud,200
6705,97.051648,cloud,200
6706,97.900355,cloud,200
6707,100.987937,cloud,200
6708,101.078177,cloud,200
6709,98.984518,cloud,200
6710,98.252669,cloud,200
6711,99.936118,cloud,200
6712,100.994988,cloud,200
6713,98.493161,cloud,200
6714,101.961103,cloud,200
6715,101.64729,cloud,200
6716,98.572923,cloud,200
6717,100.190853,cloud,200
6718,97.480391,cloud,200
6719,96.724361,cloud,200
6720,99.88267,cloud,200
6721,96.748819,cloud,200
6722,100.223934,cloud,200
6723,99.752374,cloud,200
6724,98.878792,cloud,200
6725,99.612427,cloud,200
6726,97.765204,cloud,200
6727,99.682441,cloud,200
6728,96.472828,cloud,200
6729,98.226612,cloud,200
6730,99.126296,cloud,200
6731,99.556757,cloud,200
6732,97.507791,cloud,200
6733,101.251939,cloud,200
6734,99.291244,cloud,200
6735,99.435127,cloud,200
6736,99.693576,cloud,200
6737,98.914478,cloud,200
6738,101.147847,cloud,200
6739,97.041116,cloud,200
6740,96.262811,cloud,200
6741,100.03656,cloud,200
6742,98.46018,cloud,200
6743,99.157991,cloud,200
6744,100.448292,cloud,200
6745,98.300449,cloud,200
6746,96.565173,cloud,200
6747,98.830604,cloud,200
6748,96.809664,cloud,200
6749,98.298413,cloud,200
6750,97.138356,cloud,200
6751,99.004564,cloud,200
6752,98.581174,cloud,200
6753,98.019637,cloud,200
6754,98.983268,cloud,200
6755,100.744917,cloud,200
6756,99.769061,cloud,200
6757,97.826191,cloud,200
6758,98.678765,cloud,200
6759,99.435193,cloud,200
6760,96.615667,cloud,200
6761,100.651267,cloud,200
6762,98.458777,cloud,200
6763,98.853387,cloud,200
6764,100.372738,cloud,200
6765,97.305341,cloud,200
6766,99.093583,cloud,200
6767,97.333615,cloud,200
6768,99.744754,cloud,200
6769,97.385885,cloud,200
6770,97.620383,cloud,200
6771,99.067901,cloud,200
6772,100.5244,cloud,200
6773,98.158229,cloud,200
6774,98.25547,cloud,200
6775,101.797512,cloud,200
6776,99.44177,cloud,200
6777,97.666495,cloud,200
6778,99.134496,cloud,200
6779,97.878524,cloud,200
6780,102.937009,cloud,200
6781,99.217605,cloud,200
6782,97.889377,cloud,200
6783,98.180071,cloud,200
6784,100.75653,cloud,200
6785,99.756887,cloud,200
6786,102.363554,cloud,200
6787,97.999795,cloud,200
6788,99.670902,cloud,200
6789,98.774975,cloud,200
6790,101.313826,cloud,200
6791,99.574606,cloud,200
6792,100.289815,cloud,200
6793,97.921313,cloud,200
6794,98.466676,cloud,200
6795,95.754792,cloud,200
6796,98.285769,cloud,200
6797,97.608437,cloud,200
6798,99.49943,cloud,200
6799,99.079609,cloud,200
6800,100.182513,cloud,200
6801,100.46494,cloud,200
6802,96.663248,cloud,200
6803,98.717407,cloud,200
6804,98.05408,cloud,200
6805,100.700897,cloud,200
6806,101.099458,cloud,200
6807,96.874401,cloud,200
6808,100.190447,cloud,200
6809,99.682721,cloud,200
6810,97.536468,cloud,200
6811,99.071128,cloud,200
6812,99.025666,cloud,200
6813,98.913704,cloud,200
6814,99.307191,cloud,200
6815,99.878611,cloud,200
6816,95.870605,cloud,200
6817,96.622519,cloud,200
6818,98.88572,cloud,200
6819,96.366294,cloud,200
6820,97.311147,cloud,200
6821,98.35293,cloud,200
6822,99.351957,cloud,200
6823,99.064382,cloud,200
6824,99.228968,cloud,200
6825,97.444266,cloud,200
6826,100.568975,cloud,200
6827,95.611406,cloud,200
6828,97.42704,cloud,200
6829,97.393531,cloud,200
6830,100.268485,cloud,200
6831,100.80925,cloud,200
6832,98.805588,cloud,200
6833,97.60158,cloud,200
6834,97.471812,cloud,200
6835,96.342923,cloud,200
6836,100.313046,cloud,200
6837,98.277138,cloud,200
6838,100.747984,cloud,200
6839,100.871035,cloud,200
6840,97.075614,cloud,200
6841,98.660827,cloud,200
6842,98.183028,cloud,200
6843,100.957855,cloud,200
6844,101.131146,cloud,200
6845,99.423858,cloud,200
6846,98.106356,cloud,200
6847,97.069483,cloud,200
6848,102.478365,cloud,200
6849,102.96564,cloud,200
6850,98.834909,cloud,200
6851,101.584433,cloud,200
6852,96.903808,cloud,200
6853,100.380042,cloud,200
6854,100.318326,cloud,200
6855,99.084989,cloud,200
6856,99.381432,cloud,200
6857,100.502696,cloud,200
6858,102.044303,cloud,200
6859,97.693205,cloud,200
6860,96.780035,cloud,200
6861,98.511701,cloud,200
6862,99.105057,cloud,200
6863,96.618729,cloud,200
6864,99.908252,cloud,200
6865,98.868766,cloud,200
6866,98.55037,cloud,200
6867,99.275354,cloud,200
6868,99.121077,cloud,200
6869,99.960921,cloud,200
6870,100.183235,cloud,200
6871,99.029011,cloud,200
6872,98.343204,cloud,200
6873,98.405758,cloud,200
6874,99.104446,cloud,200
6875,96.829295,cloud,200
6876,98.966769,cloud,200
6877,99.655348,cloud,200
6878,97.566612,cloud,200
6879,99.816796,cloud,200
6880,100.259732,cloud,200
6881,100.060878,cloud,200
6882,97.866039,cloud,200
6883,101.321189,cloud,200
6884,100.021126,cloud,200
6885,95.960046,cloud,200
6886,98.225993,cloud,200
6887,97.96713,cloud,200
6888,100.758605,cloud,200
6889,98.828776,cloud,200
6890,96.943537,cloud,200
6891,97.649357,cloud,200
6892,101.184777,cloud,200
6893,97.99303,cloud,200
6894,96.353406,cloud,200
6895,100.479655,cloud,200
6896,100.596657,cloud,200
6897,97.822664,cloud,200
6898,98.704143,cloud,200
6899,102.001357,cloud,200
6900,99.018474,cloud,200
6901,99.725848,cloud,200
6902,96.979538,cloud,200
6903,97.425689,cloud,200
6904,101.527749,cloud,200
6905,99.484904,cloud,200
6906,100.156554,cloud,200
6907,97.773814,cloud,200
6908,97.051935,cloud,200
6909,97.486798,cloud,200
6910,100.509242,cloud,200
6911,98.613627,cloud,200
6912,98.142207,cloud,200
6913,100.091071,cloud,200
6914,98.977339,cloud,200
6915,98.144908,cloud,200
6916,99.87901,cloud,200
6917,98.29606,cloud,200
6918,100.141639,cloud,200
6919,100.006564,cloud,200
6920,96.806445,cloud,200
6921,97.869917,cloud,200
6922,99.340438,cloud,200
6923,99.262952,cloud,200
6924,101.018078,cloud,200
6925,98.340953,cloud,200
6926,97.414273,cloud,200
6927,98.84647,cloud,200
6928,99.12776,cloud,200
6929,98.016943,cloud,200
6930,99.710666,cloud,200
6931,101.433133,cloud,200
6932,99.552272,cloud,200
6933,98.818656,cloud,200
6934,95.991424,cloud,200
6935,96.755483,cloud,200
6936,98.57269,cloud,200
6937,106.712298,cloud,200
6938,97.26726,cloud,200
6939,96.702048,cloud,200
6940,97.617153,cloud,200
6941,97.840823,cloud,200
6942,100.134219,cloud,200
6943,98.385126,cloud,200
6944,96.211911,cloud,200
6945,97.026509,cloud,200
6946,97.860342,cloud,200
6947,96.765671,cloud,200
6948,97.02434,cloud,200
6949,97.425482,cloud,200
6950,96.392286,cloud,200
6951,96.625857,cloud,200
6952,98.231264,cloud,200
6953,98.13696,cloud,200
6954,97.266562,cloud,200
6955,96.745407,cloud,200
6956,98.115879,cloud,200
6957,97.89904,cloud,200
6958,98.290253,cloud,200
6959,96.830401,cloud,200
6960,98.730546,cloud,200
6961,98.039528,cloud,200
6962,100.272096,cloud,200
6963,101.052496,cloud,200
6964,98.408867,cloud,200
6965,100.019767,cloud,200
6966,98.396128,cloud,200
6967,101.187409,cloud,200
6968,97.096053,cloud,200
6969,97.724454,cloud,200
6970,99.669209,cloud,200
6971,99.351145,cloud,200
6972,99.306922,cloud,200
6973,99.811446,cloud,200
6974,98.977929,cloud,200
6975,102.754288,cloud,200
6976,99.333533,cloud,200
6977,98.056994,cloud,200
6978,98.301169,cloud,200
6979,99.497014,cloud,200
6980,98.271423,cloud,200
6981,99.498835,cloud,200
6982,100.384334,cloud,200
6983,98.259239,cloud,200
6984,105.711314,cloud,200
6985,96.095872,cloud,200
6986,98.325525,cloud,200
6987,98.30013,cloud,200
6988,99.58017,cloud,200
6989,99.117042,cloud,200
6990,99.747737,cloud,200
6991,98.258842,cloud,200
6992,99.80954,cloud,200
6993,99.733028,cloud,200
6994,100.034494,cloud,200
6995,97.170765,cloud,200
6996,98.436108,cloud,200
6997,99.364132,cloud,200
6998,98.325196,cloud,200
6999,96.902006,cloud,200
7000,98.315552,cloud,200
7001,100.877148,cloud,200
7002,102.02567,cloud,200
7003,97.359426,cloud,200
7004,100.242483,cloud,200
7005,100.041478,cloud,200
7006,99.325463,cloud,200
7007,98.888894,cloud,200
7008,99.229539,cloud,200
7009,100.032471,cloud,200
7010,99.469984,cloud,200
7011,98.326967,cloud,200
7012,98.242364,cloud,200
7013,99.209815,cloud,200
7014,96.838766,cloud,200
7015,99.783983,cloud,200
7016,98.989966,cloud,200
7017,98.28616,cloud,200
7018,98.876705,cloud,200
7019,100.83318,cloud,200
7020,98.11937,cloud,200
7021,98.116208,cloud,200
7022,100.471224,cloud,200
7023,98.377947,cloud,200
7024,99.330207,cloud,200
7025,97.369746,cloud,200
7026,101.598229,cloud,200
7027,97.183641,cloud,200
7028,96.872235,cloud,200
7029,97.026442,cloud,200
7030,98.200574,cloud,200
7031,99.189776,cloud,200
7032,100.299532,cloud,200
7033,98.852058,cloud,200
7034,98.190671,cloud,200
7035,100.301809,cloud,200
7036,100.877051,cloud,200
7037,99.204699,cloud,200
7038,99.33002,cloud,200
7039,98.704866,cloud,200
7040,98.749094,cloud,200
7041,99.001208,cloud,200
7042,97.182617,cloud,200
7043,99.259252,cloud,200
7044,100.108724,cloud,200
7045,97.586323,cloud,200
7046,101.4766,cloud,200
7047,97.726543,cloud,200
7048,98.947617,cloud,200
7049,97.223599,cloud,200
7050,99.528537,cloud,200
7051,98.489557,cloud,200
7052,100.357294,cloud,200
7053,98.736622,cloud,200
7054,97.88542,cloud,200
7055,99.27997,cloud,200
7056,97.458628,cloud,200
7057,99.422688,cloud,200
7058,100.50912,cloud,200
7059,99.303482,cloud,200
7060,100.379639,cloud,200
7061,97.916556,cloud,200
7062,98.291649,cloud,200
7063,98.135588,cloud,200
7064,98.750288,cloud,200
7065,97.353859,cloud,200
7066,102.125662,cloud,200
7067,100.614554,cloud,200
7068,100.199691,cloud,200
7069,98.959077,cloud,200
7070,98.593941,cloud,200
7071,98.718931,cloud,200
7072,99.113222,cloud,200
7073,99.088578,cloud,200
7074,100.393513,cloud,200
7075,99.865597,cloud,200
7076,98.957852,cloud,200
7077,97.097971,cloud,200
7078,100.491716,cloud,200
7079,99.064466,cloud,200
7080,98.455527,cloud,200
7081,99.496819,cloud,200
7082,99.097427,cloud,200
7083,98.245544,cloud,200
7084,100.808152,cloud,200
7085,97.019296,cloud,200
7086,95.132591,cloud,200
7087,98.253924,cloud,200
7088,98.426998,cloud,200
7089,98.612251,cloud,200
7090,100.50363,cloud,200
7091,98.482438,cloud,200
7092,99.292398,cloud,200
7093,99.214713,cloud,200
7094,97.675765,cloud,200
7095,97.318908,cloud,200
7096,98.980767,cloud,200
7097,101.546662,cloud,200
7098,99.413357,cloud,200
7099,98.361098,cloud,200
7100,97.609562,cloud,200
7101,99.508332,cloud,200
7102,100.205379,cloud,200
7103,96.060296,cloud,200
7104,97.294194,cloud,200
7105,98.922306,cloud,200
7106,100.035745,cloud,200
7107,98.096741,cloud,200
7108,100.554109,cloud,200
7109,100.277546,cloud,200
7110,100.513692,cloud,200
7111,99.25098,cloud,200
7112,98.745598,cloud,200
7113,101.159012,cloud,200
7114,100.155099,cloud,200
7115,100.616286,cloud,200
7116,98.15014,cloud,200
7117,99.354773,cloud,200
7118,99.994629,cloud,200
7119,101.336688,cloud,200
7120,99.394821,cloud,200
7121,98.434162,cloud,200
7122,98.083095,cloud,200
7123,97.688197,cloud,200
7124,100.096162,cloud,200
7125,98.450643,cloud,200
7126,99.141551,cloud,200
7127,99.937814,cloud,200
7128,99.716631,cloud,200
7129,96.949061,cloud,200
7130,101.280442,cloud,200
7131,97.288776,cloud,200
7132,98.781209,cloud,200
7133,98.583014,cloud,200
7134,99.125411,cloud,200
7135,98.663852,cloud,200
7136,97.901569,cloud,200
7137,99.909145,cloud,200
7138,98.897516,cloud,200
7139,98.300272,cloud,200
7140,100.103176,cloud,200
7141,99.138416,cloud,200
7142,98.732826,cloud,200
7143,100.697065,cloud,200
7144,99.472295,cloud,200
7145,102.164823,cloud,200
7146,100.107699,cloud,200
7147,97.650081,cloud,200
7148,97.020808,cloud,200
7149,98.935357,cloud,200
7150,98.902846,cloud,200
7151,100.274186,cloud,200
7152,102.622656,cloud,200
7153,98.021378,cloud,200
7154,97.977947,cloud,200
7155,96.286096,cloud,200
7156,98.869907,cloud,200
7157,98.995165,cloud,200
7158,97.454509,cloud,200
7159,99.815881,cloud,200
7160,99.003637,cloud,200
7161,99.214069,cloud,200
7162,98.34503,cloud,200
7163,96.157437,cloud,200
7164,95.869408,cloud,200
7165,98.183931,cloud,200
7166,99.924931,cloud,200
7167,98.02519,cloud,200
7168,99.704711,cloud,200
7169,101.125924,cloud,200
7170,101.766932,cloud,200
7171,98.68905,cloud,200
7172,98.651032,cloud,200
7173,98.316586,cloud,200
7174,98.069499,cloud,200
7175,97.32397,cloud,200
7176,98.612897,cloud,200
7177,99.554673,cloud,200
7178,96.3462,cloud,200
7179,98.247448,cloud,200
7180,99.095545,cloud,200
7181,99.280556,cloud,200
7182,97.197262,cloud,200
7183,99.190724,cloud,200
7184,98.03467,cloud,200
7185,98.401864,cloud,200
7186,98.460125,cloud,200
7187,95.498789,cloud,200
7188,99.973398,cloud,200
7189,98.152486,cloud,200
7190,97.4508,cloud,200
7191,100.740591,cloud,200
7192,96.768302,cloud,200
7193,98.832064,cloud,200
7194,97.524557,cloud,200
7195,99.456344,cloud,200
7196,97.714392,cloud,200
7197,101.987085,cloud,200
7198,97.049881,cloud,200
7199,98.030737,cloud,200
7200,191.839464,cloud,200
7201,386.849749,cloud,200
7202,386.329327,cloud,200
7203,388.947351,cloud,200
7204,384.794896,cloud,200
7205,386.640938,cloud,200
7206,387.11314,cloud,200
7207,383.738918,cloud,200
7208,386.829808,cloud,200
7209,384.469455,cloud,200
7210,392.088067,cloud,200
7211,385.052842,cloud,200
7212,389.489166,cloud,200
7213,386.444501,cloud,200
7214,386.385766,cloud,200
7215,387.898765,cloud,200
7216,385.261888,cloud,200
7217,386.124299,cloud,200
7218,387.578065,cloud,200
7219,386.948645,cloud,200
7220,387.12339,cloud,200
7221,384.871389,cloud,200
7222,383.604995,cloud,200
7223,384.929059,cloud,200
7224,383.781773,cloud,200
7225,386.120706,cloud,200
7226,386.273398,cloud,200
7227,387.047212,cloud,200
7228,387.043333,cloud,200
7229,385.124181,cloud,200
7230,388.71925,cloud,200
7231,387.796297,cloud,200
7232,386.851879,cloud,200
7233,387.479793,cloud,200
7234,387.585975,cloud,200
7235,388.590643,cloud,200
7236,388.276992,cloud,200
7237,388.327037,cloud,200
7238,104.258569,cloud,200
7239,101.426878,cloud,200
7240,99.309869,cloud,200
7241,99.675117,cloud,200
7242,98.883558,cloud,200
7243,100.076231,cloud,200
7244,98.994557,cloud,200
7245,98.906884,cloud,200
7246,99.461614,cloud,200
7247,101.118201,cloud,200
7248,98.295753,cloud,200
7249,101.689454,cloud,200
7250,100.67821,cloud,200
7251,101.022722,cloud,200
7252,102.507422,cloud,200
7253,98.45621,cloud,200
7254,98.454863,cloud,200
7255,97.940488,cloud,200
7256,99.787558,cloud,200
7257,99.746376,cloud,200
7258,100.082709,cloud,200
7259,100.364602,cloud,200
7260,99.039333,cloud,200
7261,102.609421,cloud,200
7262,101.419824,cloud,200
7263,98.6263,cloud,200
7264,97.797885,cloud,200
7265,100.462591,cloud,200
7266,97.237729,cloud,200
7267,99.292529,cloud,200
7268,96.918644,cloud,200
7269,99.842083,cloud,200
7270,98.661996,cloud,200
7271,100.315383,cloud,200
7272,100.643428,cloud,200
7273,98.273842,cloud,200
7274,98.544347,cloud,200
7275,100.936326,cloud,200
7276,99.260035,cloud,200
7277,102.386948,cloud,200
7278,100.444618,cloud,200
7279,98.454039,cloud,200
7280,101.92183,cloud,200
7281,102.512663,cloud,200
7282,100.738414,cloud,200
7283,100.447503,cloud,200
7284,100.954938,cloud,200
7285,98.105903,cloud,200
7286,97.017029,cloud,200
7287,100.355178,cloud,200
7288,102.225978,cloud,200
7289,99.435779,cloud,200
7290,99.924361,cloud,200
7291,95.970733,cloud,200
7292,96.139592,cloud,200
7293,96.795523,cloud,200
7294,99.46043,cloud,200
7295,99.388007,cloud,200
7296,101.972661,cloud,200
7297,99.170797,cloud,200
7298,97.262895,cloud,200
7299,97.145707,cloud,200
7300,100.652693,cloud,200
7301,97.813101,cloud,200
7302,97.330128,cloud,200
7303,96.099592,cloud,200
7304,98.047306,cloud,200
7305,98.84301,cloud,200
7306,99.761807,cloud,200
7307,98.227349,cloud,200
7308,95.612649,cloud,200
7309,96.548556,cloud,200
7310,99.566922,cloud,200
7311,97.683605,cloud,200
7312,96.192785,cloud,200
7313,99.295497,cloud,200
7314,96.84894,cloud,200
7315,96.689963,cloud,200
7316,97.802997,cloud,200
7317,96.251858,cloud,200
7318,95.763679,cloud,200
7319,98.589936,cloud,200
7320,98.775696,cloud,200
7321,96.678528,cloud,200
7322,97.840557,cloud,200
7323,98.32643,cloud,200
7324,99.002017,cloud,200
7325,99.510902,cloud,200
7326,97.457508,cloud,200
7327,96.955954,cloud,200
7328,96.64861,cloud,200
7329,95.760876,cloud,200
7330,99.326606,cloud,200
7331,97.569553,cloud,200
7332,97.294654,cloud,200
7333,99.921792,cloud,200
7334,100.442135,cloud,200
7335,96.987353,cloud,200
7336,99.121064,cloud,200
7337,98.039133,cloud,200
7338,99.01363,cloud,200
7339,98.468718,cloud,200
7340,99.883873,cloud,200
7341,99.038448,cloud,200
7342,96.215969,cloud,200
7343,97.711941,cloud,200
7344,100.033711,cloud,200
7345,98.294967,cloud,200
7346,99.498193,cloud,200
7347,98.519812,cloud,200
7348,98.767003,cloud,200
7349,98.112501,cloud,200
7350,97.334609,cloud,200
7351,97.126773,cloud,200
7352,98.567888,cloud,200
7353,98.422442,cloud,200
7354,99.09643,cloud,200
7355,98.268305,cloud,200
7356,97.503053,cloud,200
7357,97.704686,cloud,200
7358,97.379444,cloud,200
7359,97.289667,cloud,200
7360,98.544098,cloud,200
7361,97.981658,cloud,200
7362,101.034846,cloud,200
7363,95.980476,cloud,200
7364,96.823373,cloud,200
7365,97.094923,cloud,200
7366,98.422454,cloud,200
7367,98.793445,cloud,200
7368,98.143547,cloud,200
7369,97.417537,cloud,200
7370,99.0661,cloud,200
7371,97.264715,cloud,200
7372,98.780594,cloud,200
7373,95.879918,cloud,200
7374,94.682107,cloud,200
7375,98.185114,cloud,200
7376,99.541124,cloud,200
7377,98.503261,cloud,200
7378,100.517001,cloud,200
7379,98.067093,cloud,200
7380,98.215561,cloud,200
7381,96.469164,cloud,200
7382,95.817525,cloud,200
7383,97.932788,cloud,200
7384,95.652862,cloud,200
7385,98.016945,cloud,200
7386,97.004659,cloud,200
7387,98.646577,cloud,200
7388,100.002899,cloud,200
7389,98.780426,cloud,200
7390,97.434437,cloud,200
7391,97.772986,cloud,200
7392,96.907624,cloud,200
7393,97.060389,cloud,200
7394,96.449301,cloud,200
7395,97.967873,cloud,200
7396,96.277609,cloud,200
7397,95.282326,cloud,200
7398,96.085622,cloud,200
7399,101.475004,cloud,200
7400,97.661676,cloud,200
7401,97.178786,cloud,200
7402,96.709993,cloud,200
7403,99.68876,cloud,200
7404,98.45471,cloud,200
7405,92.618022,cloud,200
7406,96.994708,cloud,200
7407,96.852581,cloud,200
7408,97.875436,cloud,200
7409,96.906944,cloud,200
7410,99.393192,cloud,200
7411,98.618493,cloud,200
7412,98.957685,cloud,200
7413,97.002688,cloud,200
7414,98.556685,cloud,200
7415,96.973635,cloud,200
7416,99.525236,cloud,200
7417,98.45326,cloud,200
7418,99.131933,cloud,200
7419,100.876017,cloud,200
7420,101.335521,cloud,200
7421,98.714242,cloud,200
7422,98.337682,cloud,200
7423,98.801094,cloud,200
7424,99.011241,cloud,200
7425,100.619859,cloud,200
7426,98.346824,cloud,200
7427,101.519715,cloud,200
7428,99.650004,cloud,200
7429,99.249735,cloud,200
7430,99.384475,cloud,200
7431,98.679808,cloud,200
7432,98.40349,cloud,200
7433,100.396951,cloud,200
7434,102.564474,cloud,200
7435,96.658978,cloud,200
7436,100.934185,cloud,200
7437,97.217134,cloud,200
7438,97.167724,cloud,200
7439,99.011148,cloud,200
7440,99.76081,cloud,200
7441,97.842998,cloud,200
7442,97.696463,cloud,200
7443,96.241955,cloud,200
7444,98.320146,cloud,200
7445,99.194644,cloud,200
7446,98.468628,cloud,200
7447,96.244147,cloud,200
7448,95.757606,cloud,200
7449,96.051018,cloud,200
7450,98.694443,cloud,200
7451,103.015176,cloud,200
7452,99.649368,cloud,200
7453,100.107545,cloud,200
7454,105.207226,cloud,200
7455,100.006495,cloud,200
7456,100.755712,cloud,200
7457,99.839949,cloud,200
7458,97.853832,cloud,200
7459,98.166628,cloud,200
7460,97.170778,cloud,200
7461,100.766237,cloud,200
7462,101.74217,cloud,200
7463,97.500673,cloud,200
7464,100.192111,cloud,200
7465,97.360496,cloud,200
7466,98.930649,cloud,200
7467,97.507408,cloud,200
7468,97.225565,cloud,200
7469,103.030113,cloud,200
7470,100.139843,cloud,200
7471,95.290555,cloud,200
7472,97.948662,cloud,200
7473,99.249138,cloud,200
7474,99.174897,cloud,200
7475,99.918193,cloud,200
7476,98.504956,cloud,200
7477,101.78831,cloud,200
7478,98.777874,cloud,200
7479,97.994694,cloud,200
7480,100.228974,cloud,200
7481,97.65837,cloud,200
7482,99.415007,cloud,200
7483,97.49012,cloud,200
7484,101.293135,cloud,200
7485,98.096503,cloud,200
7486,96.995707,cloud,200
7487,97.045563,cloud,200
7488,97.011324,cloud,200
7489,96.669505,cloud,200
7490,98.134613,cloud,200
7491,98.408283,cloud,200
7492,97.651871,cloud,200
7493,97.383359,cloud,200
7494,98.132478,cloud,200
7495,99.252715,cloud,200
7496,99.135788,cloud,200
7497,98.825637,cloud,200
7498,99.025035,cloud,200
7499,97.163001,cloud,200
7500,97.074019,cloud,200
7501,98.272352,cloud,200
7502,98.568382,cloud,200
7503,100.37127,cloud,200
7504,98.283005,cloud,200
7505,97.580685,cloud,200
7506,101.672124,cloud,200
7507,98.020341,cloud,200
7508,97.650636,cloud,200
7509,98.613939,cloud,200
7510,97.921867,cloud,200
7511,96.161916,cloud,200
7512,100.921047,cloud,200
7513,96.89294,cloud,200
7514,97.704271,cloud,200
7515,99.127761,cloud,200
7516,99.099251,cloud,200
7517,99.395083,cloud,200
7518,99.570031,cloud,200
7519,100.243392,cloud,200
7520,99.359963,cloud,200
7521,97.425115,cloud,200
7522,97.571676,cloud,200
7523,98.487431,cloud,200
7524,99.680881,cloud,200
7525,99.363811,cloud,200
7526,100.32595,cloud,200
7527,98.194657,cloud,200
7528,99.020925,cloud,200
7529,97.278779,cloud,200
7530,98.043518,cloud,200
7531,97.763053,cloud,200
7532,99.195992,cloud,200
7533,97.793845,cloud,200
7534,99.132581,cloud,200
7535,98.307238,cloud,200
7536,98.323731,cloud,200
7537,99.564448,cloud,200
7538,98.269376,cloud,200
7539,99.644528,cloud,200
7540,99.121911,cloud,200
7541,100.008761,cloud,200
7542,100.004405,cloud,200
7543,96.542453,cloud,200
7544,97.014176,cloud,200
7545,99.089409,cloud,200
7546,100.358772,cloud,200
7547,96.990601,cloud,200
7548,97.258481,cloud,200
7549,97.22442,cloud,200
7550,99.755017,cloud,200
7551,97.540766,cloud,200
7552,98.258914,cloud,200
7553,98.518482,cloud,200
7554,98.546815,cloud,200
7555,97.836346,cloud,200
7556,99.470145,cloud,200
7557,97.847892,cloud,200
7558,97.056764,cloud,200
7559,97.229338,cloud,200
7560,98.444962,cloud,200
7561,97.402541,cloud,200
7562,98.256185,cloud,200
7563,97.869789,cloud,200
7564,96.757603,cloud,200
7565,102.304747,cloud,200
7566,102.31926,cloud,200
7567,98.445809,cloud,200
7568,96.483791,cloud,200
7569,97.843819,cloud,200
7570,97.330704,cloud,200
7571,97.40301,cloud,200
7572,99.995103,cloud,200
7573,98.160502,cloud,200
7574,100.828561,cloud,200
7575,98.530419,cloud,200
7576,98.387333,cloud,200
7577,100.0636,cloud,200
7578,100.869585,cloud,200
7579,99.259319,cloud,200
7580,99.623022,cloud,200
7581,98.940454,cloud,200
7582,101.783236,cloud,200
7583,97.399543,cloud,200
7584,101.379379,cloud,200
7585,100.717064,cloud,200
7586,98.103635,cloud,200
7587,99.968399,cloud,200
7588,100.779304,cloud,200
7589,100.295587,cloud,200
7590,100.350657,cloud,200
7591,96.31487,cloud,200
7592,99.191661,cloud,200
7593,96.701485,cloud,200
7594,97.882706,cloud,200
7595,98.598762,cloud,200
7596,97.695797,cloud,200
7597,97.13353,cloud,200
7598,97.5321,cloud,200
7599,96.487,cloud,200
7600,98.441361,cloud,200
7601,97.673375,cloud,200
7602,100.573848,cloud,200
7603,98.805176,cloud,200
7604,97.94045,cloud,200
7605,98.135158,cloud,200
7606,96.606703,cloud,200
7607,98.390127,cloud,200
7608,97.697816,cloud,200
7609,97.46159,cloud,200
7610,98.126793,cloud,200
7611,98.795281,cloud,200
7612,97.50613,cloud,200
7613,97.443783,cloud,200
7614,98.361748,cloud,200
7615,97.65351,cloud,200
7616,98.72871,cloud,200
7617,100.40028,cloud,200
7618,98.73387,cloud,200
7619,97.561426,cloud,200
7620,98.328482,cloud,200
7621,96.929507,cloud,200
7622,98.091114,cloud,200
7623,96.262112,cloud,200
7624,98.663381,cloud,200
7625,96.127692,cloud,200
7626,96.328494,cloud,200
7627,97.325544,cloud,200
7628,99.084976,cloud,200
7629,97.371906,cloud,200
7630,96.803988,cloud,200
7631,100.210568,cloud,200
7632,100.164328,cloud,200
7633,96.181675,cloud,200
7634,98.598672,cloud,200
7635,98.874808,cloud,200
7636,98.763725,cloud,200
7637,98.475679,cloud,200
7638,101.28527,cloud,200
7639,96.841227,cloud,200
7640,96.195125,cloud,200
7641,101.858483,cloud,200
7642,97.288085,cloud,200
7643,97.179975,cloud,200
7644,99.180253,cloud,200
7645,96.488463,cloud,200
7646,97.461869,cloud,200
7647,94.094244,cloud,200
7648,98.83482,cloud,200
7649,98.473774,cloud,200
7650,101.172865,cloud,200
7651,98.316636,cloud,200
7652,96.184102,cloud,200
7653,97.816995,cloud,200
7654,98.275194,cloud,200
7655,96.609341,cloud,200
7656,97.410825,cloud,200
7657,97.313413,cloud,200
7658,97.777896,cloud,200
7659,100.311179,cloud,200
7660,97.617981,cloud,200
7661,105.404995,cloud,200
7662,96.565409,cloud,200
7663,96.684391,cloud,200
7664,96.564969,cloud,200
7665,97.980296,cloud,200
7666,97.851335,cloud,200
7667,96.393481,cloud,200
7668,100.380014,cloud,200
7669,96.500717,cloud,200
7670,98.951312,cloud,200
7671,97.632562,cloud,200
7672,100.291529,cloud,200
7673,97.511149,cloud,200
7674,97.673336,cloud,200
7675,96.184301,cloud,200
7676,96.897085,cloud,200
7677,96.975826,cloud,200
7678,97.010924,cloud,200
7679,99.26393,cloud,200
7680,99.76887,cloud,200
7681,98.10437,cloud,200
7682,98.083475,cloud,200
7683,99.377953,cloud,200
7684,102.627778,cloud,200
7685,97.517623,cloud,200
7686,100.068814,cloud,200
7687,98.097345,cloud,200
7688,98.211145,cloud,200
7689,98.01905,cloud,200
7690,100.885809,cloud,200
7691,97.676038,cloud,200
7692,98.831426,cloud,200
7693,96.447176,cloud,200
7694,98.10185,cloud,200
7695,101.898224,cloud,200
7696,98.905718,cloud,200
7697,98.22858,cloud,200
7698,96.447462,cloud,200
7699,97.08324,cloud,200
7700,95.879418,cloud,200
7701,97.750779,cloud,200
7702,97.959302,cloud,200
7703,100.011116,cloud,200
7704,99.72881,cloud,200
7705,99.044205,cloud,200
7706,98.400604,cloud,200
7707,96.42197,cloud,200
7708,98.867933,cloud,200
7709,97.611465,cloud,200
7710,100.623815,cloud,200
7711,98.561277,cloud,200
7712,97.157393,cloud,200
7713,100.046118,cloud,200
7714,100.749265,cloud,200
7715,97.720363,cloud,200
7716,100.686236,cloud,200
7717,97.524669,cloud,200
7718,97.648236,cloud,200
7719,97.505991,cloud,200
7720,101.362317,cloud,200
7721,99.269279,cloud,200
7722,100.362552,cloud,200
7723,99.293945,cloud,200
7724,97.27106,cloud,200
7725,98.509448,cloud,200
7726,98.739112,cloud,200
7727,96.212745,cloud,200
7728,100.668025,cloud,200
7729,98.733118,cloud,200
7730,98.99965,cloud,200
7731,96.577994,cloud,200
7732,98.339801,cloud,200
7733,98.068358,cloud,200
7734,99.579261,cloud,200
7735,99.510052,cloud,200
7736,101.002905,cloud,200
7737,98.008108,cloud,200
7738,96.101303,cloud,200
7739,98.466364,cloud,200
7740,96.92482,cloud,200
7741,99.923405,cloud,200
7742,98.774648,cloud,200
7743,99.680727,cloud,200
7744,101.438339,cloud,200
7745,96.209771,cloud,200
7746,97.987879,cloud,200
7747,97.809158,cloud,200
7748,98.085882,cloud,200
7749,95.881962,cloud,200
7750,99.085219,cloud,200
7751,99.88132,cloud,200
7752,97.429511,cloud,200
7753,96.777116,cloud,200
7754,95.668276,cloud,200
7755,97.595395,cloud,200
7756,98.399975,cloud,200
7757,99.117396,cloud,200
7758,96.867758,cloud,200
7759,95.599951,cloud,200
7760,94.650985,cloud,200
7761,97.262136,cloud,200
7762,98.98675,cloud,200
7763,98.235127,cloud,200
7764,98.070128,cloud,200
7765,100.177804,cloud,200
7766,98.80877,cloud,200
7767,101.56932,cloud,200
7768,100.317095,cloud,200
7769,102.84373,cloud,200
7770,108.582791,cloud,200
7771,99.649525,cloud,200
7772,97.692528,cloud,200
7773,96.141949,cloud,200
7774,97.722297,cloud,200
7775,98.858521,cloud,200
7776,100.23533,cloud,200
7777,99.614009,cloud,200
7778,98.329347,cloud,200
7779,98.185666,cloud,200
7780,101.586956,cloud,200
7781,99.725053,cloud,200
7782,100.235224,cloud,200
7783,99.195179,cloud,200
7784,97.969921,cloud,200
7785,100.015309,cloud,200
7786,98.216756,cloud,200
7787,97.758658,cloud,200
7788,98.203613,cloud,200
7789,98.402469,cloud,200
7790,95.410891,cloud,200
7791,100.633531,cloud,200
7792,100.762343,cloud,200
7793,100.602352,cloud,200
7794,102.496965,cloud,200
7795,100.414519,cloud,200
7796,98.57485,cloud,200
7797,98.078225,cloud,200
7798,101.317775,cloud,200
7799,98.611983,cloud,200
7800,196.617695,cloud,200
7801,386.769564,cloud,200
7802,388.494468,cloud,200
7803,388.172932,cloud,200
7804,387.765107,cloud,200
7805,386.345524,cloud,200
7806,389.340933,cloud,200
7807,390.242237,cloud,200
7808,387.91456,cloud,200
7809,388.66693,cloud,200
7810,389.239867,cloud,200
7811,388.935436,cloud,200
7812,391.895098,cloud,200
7813,387.174384,cloud,200
7814,387.444742,cloud,200
7815,386.985867,cloud,200
7816,387.326199,cloud,200
7817,385.653392,cloud,200
7818,391.712925,cloud,200
7819,385.93314,cloud,200
7820,389.059176,cloud,200
7821,385.690545,cloud,200
7822,389.736199,cloud,200
7823,386.504855,cloud,200
7824,385.446614,cloud,200
7825,385.686329,cloud,200
7826,385.78526,cloud,200
7827,386.677888,cloud,200
7828,387.056783,cloud,200
7829,387.50074,cloud,200
7830,386.126411,cloud,200
7831,385.319945,cloud,200
7832,388.623983,cloud,200
7833,385.695409,cloud,200
7834,385.02119,cloud,200
7835,383.02032,cloud,200
7836,387.518227,cloud,200
7837,385.215649,cloud,200
7838,111.574006,cloud,200
7839,97.788917,cloud,200
7840,97.082322,cloud,200
7841,99.754551,cloud,200
7842,99.077156,cloud,200
7843,97.983211,cloud,200
7844,98.677012,cloud,200
7845,97.388433,cloud,200
7846,99.712281,cloud,200
7847,97.836402,cloud,200
7848,97.242367,cloud,200
7849,98.739613,cloud,200
7850,96.957225,cloud,200
7851,97.212799,cloud,200
7852,100.349716,cloud,200
7853,99.348624,cloud,200
7854,100.414165,cloud,200
7855,98.677486,cloud,200
7856,97.418373,cloud,200
7857,97.883496,cloud,200
7858,97.739459,cloud,200
7859,97.42664,cloud,200
7860,98.338465,cloud,200
7861,97.212772,cloud,200
7862,96.213848,cloud,200
7863,98.316426,cloud,200
7864,97.630648,cloud,200
7865,98.66821,cloud,200
7866,101.517054,cloud,200
7867,96.977269,cloud,200
7868,96.926269,cloud,200
7869,98.917286,cloud,200
7870,96.928077,cloud,200
7871,97.424162,cloud,200
7872,97.312757,cloud,200
7873,95.68905,cloud,200
7874,97.747109,cloud,200
7875,96.91395,cloud,200
7876,99.120337,cloud,200
7877,100.270287,cloud,200
7878,98.54181,cloud,200
7879,97.45212,cloud,200
7880,98.300651,cloud,200
7881,97.409048,cloud,200
7882,99.086526,cloud,200
7883,97.107564,cloud,200
7884,98.78313,cloud,200
7885,97.773768,cloud,200
7886,99.246226,cloud,200
7887,99.593796,cloud,200
7888,99.033214,cloud,200
7889,97.946418,cloud,200
7890,98.444806,cloud,200
7891,98.392763,cloud,200
7892,107.068232,cloud,200
7893,96.986441,cloud,200
7894,99.635702,cloud,200
7895,98.314107,cloud,200
7896,98.569271,cloud,200
7897,98.484613,cloud,200
7898,97.846147,cloud,200
7899,97.176293,cloud,200
7900,98.442523,cloud,200
7901,99.83335,cloud,200
7902,98.204368,cloud,200
7903,98.083894,cloud,200
7904,98.337993,cloud,200
7905,98.401714,cloud,200
7906,97.170445,cloud,200
7907,98.032688,cloud,200
7908,98.526371,cloud,200
7909,100.282226,cloud,200
7910,98.780945,cloud,200
7911,97.703677,cloud,200
7912,98.533373,cloud,200
7913,98.847289,cloud,200
7914,98.387945,cloud,200
7915,96.777361,cloud,200
7916,96.382024,cloud,200
7917,96.528637,cloud,200
7918,96.311341,cloud,200
7919,98.149264,cloud,200
7920,96.339897,cloud,200
7921,95.835768,cloud,200
7922,100.169378,cloud,200
7923,97.186833,cloud,200
7924,97.147769,cloud,200
7925,97.267853,cloud,200
7926,98.780438,cloud,200
7927,97.686561,cloud,200
7928,99.312962,cloud,200
7929,98.478959,cloud,200
7930,97.965775,cloud,200
7931,98.352742,cloud,200
7932,99.110215,cloud,200
7933,98.713405,cloud,200
7934,98.7124,cloud,200
7935,98.019972,cloud,200
7936,97.7906,cloud,200
7937,97.203086,cloud,200
7938,100.223499,cloud,200
7939,101.022506,cloud,200
7940,97.377389,cloud,200
7941,99.358341,cloud,200
7942,98.870445,cloud,200
7943,99.048558,cloud,200
7944,96.511109,cloud,200
7945,98.517415,cloud,200
7946,98.541547,cloud,200
7947,98.440562,cloud,200
7948,97.986677,cloud,200
7949,98.077698,cloud,200
7950,97.796049,cloud,200
7951,97.8334,cloud,200
7952,97.854764,cloud,200
7953,97.50831,cloud,200
7954,98.988104,cloud,200
7955,99.621544,cloud,200
7956,96.607177,cloud,200
7957,99.794004,cloud,200
7958,99.910529,cloud,200
7959,99.982033,cloud,200
7960,97.101577,cloud,200
7961,98.74213,cloud,200
7962,99.86613,cloud,200
7963,97.669411,cloud,200
7964,98.849978,cloud,200
7965,100.721787,cloud,200
7966,98.686829,cloud,200
7967,99.449895,cloud,200
7968,98.568637,cloud,200
7969,99.247742,cloud,200
7970,98.261229,cloud,200
7971,98.237082,cloud,200
7972,99.828375,cloud,200
7973,99.199169,cloud,200
7974,97.95856,cloud,200
7975,102.074329,cloud,200
7976,102.101974,cloud,200
7977,98.228102,cloud,200
7978,96.382011,cloud,200
7979,97.970371,cloud,200
7980,97.203147,cloud,200
7981,97.380287,cloud,200
7982,97.390803,cloud,200
7983,98.335438,cloud,200
7984,98.099663,cloud,200
7985,97.269114,cloud,200
7986,96.005122,cloud,200
7987,96.640207,cloud,200
7988,96.361263,cloud,200
7989,97.281949,cloud,200
7990,97.81763,cloud,200
7991,98.581556,cloud,200
7992,102.371805,cloud,200
7993,99.457305,cloud,200
7994,97.027543,cloud,200
7995,99.109759,cloud,200
7996,97.813827,cloud,200
7997,96.976383,cloud,200
7998,100.313778,cloud,200
7999,98.605751,cloud,200
8000,97.062617,cloud,200
8001,97.424175,cloud,200
8002,98.425287,cloud,200
8003,96.788711,cloud,200
8004,97.813517,cloud,200
8005,97.192897,cloud,200
8006,97.889195,cloud,200
8007,99.161681,cloud,200
8008,97.02154,cloud,200
8009,98.559867,cloud,200
8010,99.546168,cloud,200
8011,97.832836,cloud,200
8012,97.951461,cloud,200
8013,98.395462,cloud,200
8014,96.002823,cloud,200
8015,97.694766,cloud,200
8016,98.915029,cloud,200
8017,98.170832,cloud,200
8018,96.444346,cloud,200
8019,97.382782,cloud,200
8020,94.918798,cloud,200
8021,96.840484,cloud,200
8022,97.287365,cloud,200
8023,96.871416,cloud,200
8024,98.649073,cloud,200
8025,99.141809,cloud,200
8026,97.083156,cloud,200
8027,96.575713,cloud,200
8028,95.374088,cloud,200
8029,97.318795,cloud,200
8030,96.029759,cloud,200
8031,98.351684,cloud,200
8032,94.806818,cloud,200
8033,98.955066,cloud,200
8034,97.018647,cloud,200
8035,97.168907,cloud,200
8036,98.333392,cloud,200
8037,98.553266,cloud,200
8038,97.010662,cloud,200
8039,98.386789,cloud,200
8040,95.696613,cloud,200
8041,97.708247,cloud,200
8042,99.149737,cloud,200
8043,96.749951,cloud,200
8044,98.97804,cloud,200
8045,97.188431,cloud,200
8046,98.854237,cloud,200
8047,98.713881,cloud,200
8048,97.153952,cloud,200
8049,97.233541,cloud,200
8050,98.068518,cloud,200
8051,97.137096,cloud,200
8052,97.43339,cloud,200
8053,98.180374,cloud,200
8054,99.381562,cloud,200
8055,99.399925,cloud,200
8056,96.542014,cloud,200
8057,99.606876,cloud,200
8058,97.752607,cloud,200
8059,101.559191,cloud,200
8060,99.536465,cloud,200
8061,96.898714,cloud,200
8062,96.879926,cloud,200
8063,97.719093,cloud,200
8064,96.960166,cloud,200
8065,96.7462,cloud,200
8066,96.984782,cloud,200
8067,96.373249,cloud,200
8068,97.29,cloud,200
8069,95.730069,cloud,200
8070,97.885664,cloud,200
8071,95.209167,cloud,200
8072,95.994438,cloud,200
8073,101.447892,cloud,200
8074,102.173056,cloud,200
8075,97.942595,cloud,200
8076,96.509969,cloud,200
8077,98.141867,cloud,200
8078,98.075015,cloud,200
8079,98.28101,cloud,200
8080,97.394385,cloud,200
8081,98.53268,cloud,200
8082,101.208907,cloud,200
8083,97.537019,cloud,200
8084,98.206014,cloud,200
8085,97.814902,cloud,200
8086,95.685723,cloud,200
8087,97.968208,cloud,200
8088,99.078624,cloud,200
8089,98.939683,cloud,200
8090,100.180104,cloud,200
8091,98.769664,cloud,200
8092,98.725178,cloud,200
8093,100.646412,cloud,200
8094,98.247492,cloud,200
8095,98.72659,cloud,200
8096,101.457676,cloud,200
8097,98.309893,cloud,200
8098,99.168671,cloud,200
8099,98.892746,cloud,200
8100,95.702579,cloud,200
8101,97.711464,cloud,200
8102,96.713769,cloud,200
8103,98.408681,cloud,200
8104,97.259364,cloud,200
8105,100.807346,cloud,200
8106,97.736357,cloud,200
8107,100.078072,cloud,200
8108,97.2819,cloud,200
8109,99.959685,cloud,200
8110,97.455714,cloud,200
8111,99.686247,cloud,200
8112,97.069144,cloud,200
8113,97.177881,cloud,200
8114,97.747378,cloud,200
8115,99.709968,cloud,200
8116,98.517386,cloud,200
8117,97.779477,cloud,200
8118,96.85522,cloud,200
8119,97.697381,cloud,200
8120,97.649948,cloud,200
8121,97.88685,cloud,200
8122,96.021354,cloud,200
8123,95.901855,cloud,200
8124,96.299585,cloud,200
8125,98.877457,cloud,200
8126,97.820301,cloud,200
8127,95.331666,cloud,200
8128,96.915885,cloud,200
8129,100.926597,cloud,200
8130,97.62303,cloud,200
8131,98.253919,cloud,200
8132,97.8392,cloud,200
8133,96.595329,cloud,200
8134,98.866234,cloud,200
8135,97.996888,cloud,200
8136,99.246529,cloud,200
8137,99.647205,cloud,200
8138,98.186759,cloud,200
8139,98.624912,cloud,200
8140,96.365699,cloud,200
8141,96.718284,cloud,200
8142,98.371809,cloud,200
8143,99.667872,cloud,200
8144,98.996161,cloud,200
8145,96.149424,cloud,200
8146,98.21052,cloud,200
8147,97.118525,cloud,200
8148,97.4245,cloud,200
8149,98.559342,cloud,200
8150,96.878281,cloud,200
8151,96.868731,cloud,200
8152,98.789089,cloud,200
8153,97.301546,cloud,200
8154,100.206119,cloud,200
8155,97.243981,cloud,200
8156,98.435472,cloud,200
8157,97.892032,cloud,200
8158,98.376286,cloud,200
8159,95.881739,cloud,200
8160,102.103883,cloud,200
8161,97.152092,cloud,200
8162,98.219559,cloud,200
8163,98.857479,cloud,200
8164,98.73292,cloud,200
8165,95.994206,cloud,200
8166,97.241494,cloud,200
8167,100.184124,cloud,200
8168,96.129312,cloud,200
8169,97.923239,cloud,200
8170,97.044466,cloud,200
8171,97.566694,cloud,200
8172,97.010207,cloud,200
8173,97.977317,cloud,200
8174,97.151906,cloud,200
8175,98.179717,cloud,200
8176,97.349831,cloud,200
8177,99.477772,cloud,200
8178,98.498503,cloud,200
8179,99.20191,cloud,200
8180,99.07486,cloud,200
8181,96.966584,cloud,200
8182,97.112068,cloud,200
8183,99.477228,cloud,200
8184,101.601775,cloud,200
8185,98.972644,cloud,200
8186,98.649966,cloud,200
8187,97.853297,cloud,200
8188,98.21144,cloud,200
8189,97.728654,cloud,200
8190,96.688185,cloud,200
8191,98.592288,cloud,200
8192,97.132728,cloud,200
8193,105.287645,cloud,200
8194,96.185726,cloud,200
8195,99.677768,cloud,200
8196,98.858129,cloud,200
8197,98.428703,cloud,200
8198,98.686024,cloud,200
8199,96.560368,cloud,200
8200,98.264858,cloud,200
8201,99.006881,cloud,200
8202,94.772873,cloud,200
8203,97.453343,cloud,200
8204,97.615991,cloud,200
8205,98.153318,cloud,200
8206,99.028149,cloud,200
8207,99.553955,cloud,200
8208,100.346343,cloud,200
8209,97.655176,cloud,200
8210,97.581836,cloud,200
8211,98.183859,cloud,200
8212,98.282157,cloud,200
8213,98.369359,cloud,200
8214,97.702023,cloud,200
8215,95.116833,cloud,200
8216,97.006869,cloud,200
8217,97.627877,cloud,200
8218,96.700298,cloud,200
8219,98.058679,cloud,200
8220,99.977054,cloud,200
8221,97.06216,cloud,200
8222,96.793507,cloud,200
8223,98.812453,cloud,200
8224,98.561186,cloud,200
8225,99.523294,cloud,200
8226,96.412358,cloud,200
8227,98.337406,cloud,200
8228,97.860942,cloud,200
8229,99.613802,cloud,200
8230,98.060684,cloud,200
8231,97.428698,cloud,200
8232,98.159156,cloud,200
8233,96.876056,cloud,200
8234,98.701567,cloud,200
8235,100.419835,cloud,200
8236,98.799991,cloud,200
8237,97.071477,cloud,200
8238,97.075619,cloud,200
8239,98.209786,cloud,200
8240,98.750318,cloud,200
8241,97.634696,cloud,200
8242,98.362892,cloud,200
8243,97.898479,cloud,200
8244,97.844681,cloud,200
8245,97.056897,cloud,200
8246,97.384625,cloud,200
8247,98.339879,cloud,200
8248,99.285596,cloud,200
8249,99.024133,cloud,200
8250,98.589475,cloud,200
8251,98.834129,cloud,200
8252,99.982155,cloud,200
8253,99.956339,cloud,200
8254,95.41351,cloud,200
8255,96.728574,cloud,200
8256,96.729835,cloud,200
8257,98.440033,cloud,200
8258,97.337293,cloud,200
8259,96.470963,cloud,200
8260,97.0927,cloud,200
8261,98.85197,cloud,200
8262,99.844492,cloud,200
8263,99.80258,cloud,200
8264,100.365843,cloud,200
8265,96.155533,cloud,200
8266,99.896738,cloud,200
8267,96.52666,cloud,200
8268,98.565644,cloud,200
8269,98.334539,cloud,200
8270,99.779437,cloud,200
8271,97.992179,cloud,200
8272,98.138188,cloud,200
8273,96.17763,cloud,200
8274,96.87715,cloud,200
8275,98.61936,cloud,200
8276,98.232565,cloud,200
8277,97.525951,cloud,200
8278,98.906983,cloud,200
8279,96.648118,cloud,200
8280,99.232083,cloud,200
8281,98.800718,cloud,200
8282,95.425229,cloud,200
8283,96.913455,cloud,200
8284,98.751709,cloud,200
8285,99.130507,cloud,200
8286,97.864732,cloud,200
8287,95.804519,cloud,200
8288,97.41985,cloud,200
8289,95.954376,cloud,200
8290,100.061511,cloud,200
8291,96.76415,cloud,200
8292,96.781515,cloud,200
8293,96.827348,cloud,200
8294,98.819992,cloud,200
8295,101.453275,cloud,200
8296,97.893537,cloud,200
8297,99.39895,cloud,200
8298,97.581364,cloud,200
8299,97.292364,cloud,200
8300,97.301822,cloud,200
8301,97.947485,cloud,200
8302,97.966022,cloud,200
8303,96.916554,cloud,200
8304,100.493912,cloud,200
8305,96.762175,cloud,200
8306,97.015083,cloud,200
8307,97.224835,cloud,200
8308,98.99458,cloud,200
8309,98.136008,cloud,200
8310,97.011304,cloud,200
8311,98.087208,cloud,200
8312,96.831135,cloud,200
8313,96.579507,cloud,200
8314,97.843904,cloud,200
8315,99.434691,cloud,200
8316,98.176583,cloud,200
8317,96.802278,cloud,200
8318,100.153862,cloud,200
8319,101.693791,cloud,200
8320,96.209943,cloud,200
8321,99.665742,cloud,200
8322,98.21756,cloud,200
8323,99.759597,cloud,200
8324,99.091333,cloud,200
8325,99.203793,cloud,200
8326,98.648831,cloud,200
8327,96.979166,cloud,200
8328,96.958343,cloud,200
8329,97.622011,cloud,200
8330,96.524229,cloud,200
8331,98.357115,cloud,200
8332,99.346653,cloud,200
8333,99.022909,cloud,200
8334,97.032602,cloud,200
8335,99.710714,cloud,200
8336,98.574091,cloud,200
8337,97.721928,cloud,200
8338,98.600128,cloud,200
8339,98.558947,cloud,200
8340,98.021894,cloud,200
8341,97.215292,cloud,200
8342,98.813595,cloud,200
8343,96.958776,cloud,200
8344,98.016775,cloud,200
8345,97.128016,cloud,200
8346,99.514291,cloud,200
8347,99.014424,cloud,200
8348,96.582722,cloud,200
8349,97.157518,cloud,200
8350,96.947487,cloud,200
8351,97.655119,cloud,200
8352,101.4168,cloud,200
8353,100.07222,cloud,200
8354,98.946896,cloud,200
8355,96.608619,cloud,200
8356,98.622414,cloud,200
8357,97.247151,cloud,200
8358,100.748497,cloud,200
8359,99.27481,cloud,200
8360,98.25894,cloud,200
8361,101.136189,cloud,200
8362,100.586957,cloud,200
8363,100.150655,cloud,200
8364,100.579379,cloud,200
8365,96.227563,cloud,200
8366,98.05414,cloud,200
8367,100.396294,cloud,200
8368,98.476024,cloud,200
8369,98.72912,cloud,200
8370,98.584463,cloud,200
8371,95.79818,cloud,200
8372,98.310386,cloud,200
8373,102.749702,cloud,200
8374,99.164812,cloud,200
8375,98.209945,cloud,200
8376,99.318793,cloud,200
8377,100.091806,cloud,200
8378,100.215167,cloud,200
8379,98.351575,cloud,200
8380,98.519182,cloud,200
8381,99.043117,cloud,200
8382,95.60067,cloud,200
8383,100.315976,cloud,200
8384,98.839507,cloud,200
8385,99.916478,cloud,200
8386,97.768944,cloud,200
8387,99.726017,cloud,200
8388,103.090437,cloud,200
8389,97.568819,cloud,200
8390,100.510748,cloud,200
8391,98.009996,cloud,200
8392,100.945773,cloud,200
8393,99.710049,cloud,200
8394,99.611708,cloud,200
8395,102.320263,cloud,200
8396,99.616847,cloud,200
8397,101.61787,cloud,200
8398,99.683943,cloud,200
8399,98.653195,cloud,200
8400,194.218393,cloud,200
8401,388.333767,cloud,200
8402,389.025705,cloud,200
8403,389.506993,cloud,200
8404,386.261935,cloud,200
8405,388.330771,cloud,200
8406,390.353539,cloud,200
8407,386.904569,cloud,200
8408,387.861769,cloud,200
8409,388.717021,cloud,200
8410,393.367344,cloud,200
8411,384.967161,cloud,200
8412,388.625802,cloud,200
8413,386.79827,cloud,200
8414,387.499002,cloud,200
8415,386.05621,cloud,200
8416,386.72767,cloud,200
8417,386.271111,cloud,200
8418,387.72097,cloud,200
8419,387.26409,cloud,200
8420,386.659628,cloud,200
8421,389.629715,cloud,200
8422,391.146645,cloud,200
8423,387.397628,cloud,200
8424,387.389746,cloud,200
8425,386.608493,cloud,200
8426,387.018557,cloud,200
8427,386.929477,cloud,200
8428,384.747218,cloud,200
8429,388.342295,cloud,200
8430,388.875927,cloud,200
8431,384.212847,cloud,200
8432,387.547591,cloud,200
8433,385.274836,cloud,200
8434,386.799788,cloud,200
8435,388.313226,cloud,200
8436,386.824262,cloud,200
8437,386.050157,cloud,200
8438,107.65664,cloud,200
8439,96.888277,cloud,200
8440,100.911904,cloud,200
8441,97.859963,cloud,200
8442,99.18988,cloud,200
8443,101.018795,cloud,200
8444,98.65098,cloud,200
8445,99.568529,cloud,200
8446,99.801429,cloud,200
8447,99.877615,cloud,200
8448,99.94436,cloud,200
8449,99.180089,cloud,200
8450,99.657302,cloud,200
8451,100.469428,cloud,200
8452,96.678615,cloud,200
8453,97.280047,cloud,200
8454,97.872955,cloud,200
8455,99.826887,cloud,200
8456,100.232431,cloud,200
8457,99.02487,cloud,200
8458,99.387628,cloud,200
8459,98.729423,cloud,200
8460,97.650991,cloud,200
8461,99.025868,cloud,200
8462,96.549049,cloud,200
8463,97.693576,cloud,200
8464,99.102809,cloud,200
8465,97.515771,cloud,200
8466,98.076456,cloud,200
8467,97.057637,cloud,200
8468,97.103117,cloud,200
8469,97.989325,cloud,200
8470,96.318735,cloud,200
8471,100.449918,cloud,200
8472,96.89889,cloud,200
8473,98.651296,cloud,200
8474,99.935858,cloud,200
8475,97.168706,cloud,200
8476,95.747634,cloud,200
8477,98.77897,cloud,200
8478,101.218988,cloud,200
8479,100.289977,cloud,200
8480,100.056974,cloud,200
8481,98.808165,cloud,200
8482,96.707252,cloud,200
8483,96.321179,cloud,200
8484,97.445937,cloud,200
8485,98.22261,cloud,200
8486,99.83071,cloud,200
8487,98.843685,cloud,200
8488,99.022334,cloud,200
8489,99.480414,cloud,200
8490,100.377874,cloud,200
8491,95.703326,cloud,200
8492,95.900475,cloud,200
8493,99.235906,cloud,200
8494,97.528437,cloud,200
8495,97.727312,cloud,200
8496,97.830778,cloud,200
8497,97.777658,cloud,200
8498,97.211802,cloud,200
8499,97.714969,cloud,200
8500,98.025654,cloud,200
8501,101.40018,cloud,200
8502,100.252927,cloud,200
8503,97.013462,cloud,200
8504,98.236937,cloud,200
8505,95.947842,cloud,200
8506,99.495075,cloud,200
8507,97.85383,cloud,200
8508,99.630988,cloud,200
8509,99.416129,cloud,200
8510,97.847584,cloud,200
8511,96.701855,cloud,200
8512,98.885971,cloud,200
8513,98.249605,cloud,200
8514,98.830238,cloud,200
8515,97.056005,cloud,200
8516,99.484576,cloud,200
8517,96.150184,cloud,200
8518,99.582243,cloud,200
8519,97.314278,cloud,200
8520,100.369341,cloud,200
8521,98.995695,cloud,200
8522,99.610732,cloud,200
8523,97.52214,cloud,200
8524,98.781637,cloud,200
8525,98.106943,cloud,200
8526,99.76239,cloud,200
8527,98.735677,cloud,200
8528,97.195866,cloud,200
8529,100.493624,cloud,200
8530,99.34471,cloud,200
8531,99.499429,cloud,200
8532,101.812144,cloud,200
8533,98.319187,cloud,200
8534,99.250616,cloud,200
8535,101.154802,cloud,200
8536,98.549817,cloud,200
8537,97.711122,cloud,200
8538,98.049715,cloud,200
8539,97.742193,cloud,200
8540,96.804504,cloud,200
8541,98.228566,cloud,200
8542,100.851958,cloud,200
8543,99.115996,cloud,200
8544,99.055494,cloud,200
8545,98.730482,cloud,200
8546,95.325482,cloud,200
8547,97.619818,cloud,200
8548,98.616609,cloud,200
8549,97.75676,cloud,200
8550,99.489858,cloud,200
8551,100.733318,cloud,200
8552,100.916962,cloud,200
8553,100.535427,cloud,200
8554,101.974142,cloud,200
8555,99.578281,cloud,200
8556,98.617208,cloud,200
8557,98.921794,cloud,200
8558,100.006031,cloud,200
8559,96.541483,cloud,200
8560,97.682267,cloud,200
8561,97.273887,cloud,200
8562,98.872455,cloud,200
8563,98.290873,cloud,200
8564,97.563026,cloud,200
8565,97.940292,cloud,200
8566,96.65018,cloud,200
8567,97.399092,cloud,200
8568,99.484708,cloud,200
8569,98.559888,cloud,200
8570,96.672805,cloud,200
8571,98.025629,cloud,200
8572,95.867875,cloud,200
8573,98.826886,cloud,200
8574,98.548413,cloud,200
8575,97.790581,cloud,200
8576,99.268063,cloud,200
8577,100.94911,cloud,200
8578,98.780215,cloud,200
8579,98.034945,cloud,200
8580,99.258369,cloud,200
8581,96.47746,cloud,200
8582,100.895052,cloud,200
8583,96.1149,cloud,200
8584,99.282556,cloud,200
8585,98.020079,cloud,200
8586,102.358943,cloud,200
8587,99.020789,cloud,200
8588,98.500101,cloud,200
8589,98.143886,cloud,200
8590,98.291505,cloud,200
8591,99.773531,cloud,200
8592,99.086775,cloud,200
8593,99.85386,cloud,200
8594,97.970498,cloud,200
8595,98.539108,cloud,200
8596,98.478278,cloud,200
8597,99.149431,cloud,200
8598,98.649007,cloud,200
8599,96.238611,cloud,200
8600,99.874396,cloud,200
8601,97.154938,cloud,200
8602,100.011848,cloud,200
8603,98.117341,cloud,200
8604,97.696805,cloud,200
8605,99.867335,cloud,200
8606,98.665561,cloud,200
8607,98.226994,cloud,200
8608,96.706668,cloud,200
8609,97.688228,cloud,200
8610,99.748324,cloud,200
8611,99.013769,cloud,200
8612,98.834893,cloud,200
8613,99.21314,cloud,200
8614,99.803339,cloud,200
8615,95.607881,cloud,200
8616,97.794115,cloud,200
8617,97.241593,cloud,200
8618,101.816553,cloud,200
8619,96.856459,cloud,200
8620,101.032512,cloud,200
8621,98.280714,cloud,200
8622,98.00154,cloud,200
8623,98.75348,cloud,200
8624,99.20078,cloud,200
8625,97.302178,cloud,200
8626,97.31722,cloud,200
8627,100.08845,cloud,200
8628,101.634303,cloud,200
8629,97.837787,cloud,200
8630,98.488389,cloud,200
8631,96.962023,cloud,200
8632,98.998721,cloud,200
8633,98.608289,cloud,200
8634,101.180994,cloud,200
8635,97.764305,cloud,200
8636,100.639758,cloud,200
8637,97.241131,cloud,200
8638,99.348599,cloud,200
8639,99.026447,cloud,200
8640,98.257968,cloud,200
8641,95.547595,cloud,200
8642,97.312331,cloud,200
8643,98.09115,cloud,200
8644,97.478934,cloud,200
8645,98.623284,cloud,200
8646,99.889753,cloud,200
8647,99.192205,cloud,200
8648,97.991866,cloud,200
8649,98.358715,cloud,200
8650,99.44214,cloud,200
8651,98.641476,cloud,200
8652,99.837383,cloud,200
8653,100.187643,cloud,200
8654,98.048201,cloud,200
8655,101.907692,cloud,200
8656,99.392221,cloud,200
8657,101.6496,cloud,200
8658,100.199291,cloud,200
8659,98.089063,cloud,200
8660,100.902948,cloud,200
8661,104.018532,cloud,200
8662,98.567226,cloud,200
8663,99.803014,cloud,200
8664,163.271063,cloud,200
8665,97.435911,cloud,200
8666,103.793994,cloud,200
8667,97.524504,cloud,200
8668,100.330649,cloud,200
8669,98.392516,cloud,200
8670,96.519471,cloud,200
8671,95.396961,cloud,200
8672,97.599224,cloud,200
8673,101.458898,cloud,200
8674,98.245879,cloud,200
8675,99.490485,cloud,200
8676,97.585789,cloud,200
8677,98.891441,cloud,200
8678,98.587193,cloud,200
8679,97.635414,cloud,200
8680,96.999774,cloud,200
8681,96.586859,cloud,200
8682,97.500596,cloud,200
8683,97.057007,cloud,200
8684,101.821955,cloud,200
8685,97.089845,cloud,200
8686,98.612714,cloud,200
8687,97.536096,cloud,200
8688,103.615947,cloud,200
8689,99.828193,cloud,200
8690,99.138123,cloud,200
8691,99.834574,cloud,200
8692,99.806547,cloud,200
8693,98.531507,cloud,200
8694,100.757556,cloud,200
8695,97.183853,cloud,200
8696,98.147315,cloud,200
8697,98.953901,cloud,200
8698,98.054284,cloud,200
8699,100.770408,cloud,200
8700,100.455403,cloud,200
8701,98.387934,cloud,200
8702,101.523831,cloud,200
8703,99.501157,cloud,200
8704,96.640427,cloud,200
8705,99.113635,cloud,200
8706,96.329651,cloud,200
8707,99.900423,cloud,200
8708,99.408609,cloud,200
8709,98.323233,cloud,200
8710,96.616761,cloud,200
8711,95.910416,cloud,200
8712,100.512905,cloud,200
8713,97.39192,cloud,200
8714,98.749074,cloud,200
8715,97.975833,cloud,200
8716,98.098397,cloud,200
8717,97.31609,cloud,200
8718,98.973988,cloud,200
8719,98.696346,cloud,200
8720,98.924623,cloud,200
8721,96.942273,cloud,200
8722,97.1173,cloud,200
8723,99.865697,cloud,200
8724,99.461361,cloud,200
8725,97.712979,cloud,200
8726,93.449147,cloud,200
8727,92.214131,cloud,200
8728,95.939463,cloud,200
8729,98.089714,cloud,200
8730,100.68604,cloud,200
8731,96.385982,cloud,200
8732,96.953358,cloud,200
8733,100.272701,cloud,200
8734,98.303563,cloud,200
8735,98.126473,cloud,200
8736,98.445755,cloud,200
8737,96.99391,cloud,200
8738,97.947053,cloud,200
8739,97.654076,cloud,200
8740,100.082434,cloud,200
8741,100.943622,cloud,200
8742,97.896339,cloud,200
8743,99.393992,cloud,200
8744,100.845518,cloud,200
8745,97.950938,cloud,200
8746,97.48226,cloud,200
8747,99.32322,cloud,200
8748,97.7157,cloud,200
8749,95.343236,cloud,200
8750,96.835829,cloud,200
8751,98.165771,cloud,200
8752,97.454682,cloud,200
8753,100.13736,cloud,200
8754,98.059588,cloud,200
8755,98.274436,cloud,200
8756,99.885029,cloud,200
8757,97.922844,cloud,200
8758,97.805824,cloud,200
8759,97.562582,cloud,200
8760,96.435584,cloud,200
8761,99.811493,cloud,200
8762,96.763386,cloud,200
8763,100.054199,cloud,200
8764,96.115838,cloud,200
8765,96.206207,cloud,200
8766,98.253961,cloud,200
8767,96.879353,cloud,200
8768,97.177355,cloud,200
8769,97.365409,cloud,200
8770,99.071586,cloud,200
8771,100.573779,cloud,200
8772,99.125599,cloud,200
8773,96.940324,cloud,200
8774,98.594303,cloud,200
8775,96.937328,cloud,200
8776,99.303775,cloud,200
8777,99.536262,cloud,200
8778,98.434518,cloud,200
8779,96.611106,cloud,200
8780,96.61332,cloud,200
8781,99.555918,cloud,200
8782,98.510826,cloud,200
8783,99.852098,cloud,200
8784,99.242839,cloud,200
8785,100.686425,cloud,200
8786,101.539921,cloud,200
8787,98.879876,cloud,200
8788,98.832858,cloud,200
8789,98.829679,cloud,200
8790,98.256062,cloud,200
8791,99.382267,cloud,200
8792,97.009241,cloud,200
8793,97.786442,cloud,200
8794,101.535716,cloud,200
8795,99.20692,cloud,200
8796,98.858418,cloud,200
8797,97.657682,cloud,200
8798,100.007489,cloud,200
8799,97.778336,cloud,200
8800,96.816465,cloud,200
8801,100.798474,cloud,200
8802,99.305339,cloud,200
8803,101.235543,cloud,200
8804,96.723224,cloud,200
8805,97.639387,cloud,200
8806,97.400148,cloud,200
8807,99.718106,cloud,200
8808,97.504177,cloud,200
8809,97.966527,cloud,200
8810,96.979833,cloud,200
8811,98.0513,cloud,200
8812,97.206709,cloud,200
8813,96.861836,cloud,200
8814,100.585741,cloud,200
8815,96.230831,cloud,200
8816,95.328422,cloud,200
8817,99.006911,cloud,200
8818,101.780009,cloud,200
8819,98.135049,cloud,200
8820,98.14022,cloud,200
8821,98.810743,cloud,200
8822,100.666858,cloud,200
8823,99.501796,cloud,200
8824,97.671991,cloud,200
8825,100.363951,cloud,200
8826,97.62821,cloud,200
8827,99.221989,cloud,200
8828,99.265334,cloud,200
8829,97.837627,cloud,200
8830,97.238553,cloud,200
8831,97.38175,cloud,200
8832,98.009861,cloud,200
8833,98.211399,cloud,200
8834,96.562619,cloud,200
8835,98.732532,cloud,200
8836,97.347188,cloud,200
8837,98.735543,cloud,200
8838,97.910922,cloud,200
8839,99.081925,cloud,200
8840,98.440588,cloud,200
8841,96.424442,cloud,200
8842,96.700862,cloud,200
8843,95.648089,cloud,200
8844,98.885728,cloud,200
8845,99.938706,cloud,200
8846,98.115369,cloud,200
8847,95.671802,cloud,200
8848,96.477496,cloud,200
8849,96.752691,cloud,200
8850,100.862286,cloud,200
8851,98.732296,cloud,200
8852,97.036061,cloud,200
8853,98.896264,cloud,200
8854,98.664827,cloud,200
8855,97.597802,cloud,200
8856,96.785196,cloud,200
8857,96.850234,cloud,200
8858,98.287188,cloud,200
8859,98.730022,cloud,200
8860,97.95296,cloud,200
8861,98.023722,cloud,200
8862,96.557547,cloud,200
8863,97.798937,cloud,200
8864,98.019066,cloud,200
8865,96.927685,cloud,200
8866,99.484798,cloud,200
8867,99.22867,cloud,200
8868,96.153519,cloud,200
8869,99.966038,cloud,200
8870,97.367891,cloud,200
8871,96.870805,cloud,200
8872,97.612277,cloud,200
8873,99.316093,cloud,200
8874,97.643642,cloud,200
8875,99.125689,cloud,200
8876,97.92932,cloud,200
8877,98.034672,cloud,200
8878,100.82397,cloud,200
8879,99.412337,cloud,200
8880,98.778216,cloud,200
8881,98.091923,cloud,200
8882,95.504572,cloud,200
8883,97.35996,cloud,200
8884,99.165256,cloud,200
8885,99.199034,cloud,200
8886,97.975129,cloud,200
8887,98.737532,cloud,200
8888,99.16833,cloud,200
8889,98.833443,cloud,200
8890,98.698016,cloud,200
8891,97.941448,cloud,200
8892,102.077061,cloud,200
8893,98.106343,cloud,200
8894,96.388093,cloud,200
8895,99.658812,cloud,200
8896,98.274841,cloud,200
8897,99.626875,cloud,200
8898,99.840096,cloud,200
8899,96.214939,cloud,200
8900,100.688087,cloud,200
8901,96.454701,cloud,200
8902,97.92339,cloud,200
8903,99.926011,cloud,200
8904,97.030832,cloud,200
8905,96.707829,cloud,200
8906,98.689803,cloud,200
8907,96.915349,cloud,200
8908,98.000506,cloud,200
8909,97.557467,cloud,200
8910,97.753077,cloud,200
8911,102.983157,cloud,200
8912,101.089144,cloud,200
8913,96.952432,cloud,200
8914,99.89508,cloud,200
8915,99.083933,cloud,200
8916,97.499125,cloud,200
8917,98.572686,cloud,200
8918,98.064112,cloud,200
8919,96.487169,cloud,200
8920,98.99299,cloud,200
8921,100.153442,cloud,200
8922,96.615406,cloud,200
8923,97.20857,cloud,200
8924,98.662047,cloud,200
8925,97.967451,cloud,200
8926,97.801714,cloud,200
8927,97.541189,cloud,200
8928,99.293419,cloud,200
8929,95.660795,cloud,200
8930,98.550498,cloud,200
8931,98.73196,cloud,200
8932,96.776813,cloud,200
8933,96.820068,cloud,200
8934,95.692874,cloud,200
8935,100.011787,cloud,200
8936,100.000696,cloud,200
8937,99.466589,cloud,200
8938,97.048252,cloud,200
8939,98.442672,cloud,200
8940,97.475079,cloud,200
8941,99.911291,cloud,200
8942,97.211124,cloud,200
8943,96.7159,cloud,200
8944,98.014194,cloud,200
8945,99.454667,cloud,200
8946,98.941943,cloud,200
8947,96.407243,cloud,200
8948,97.710904,cloud,200
8949,100.066188,cloud,200
8950,99.480933,cloud,200
8951,99.310215,cloud,200
8952,99.782846,cloud,200
8953,96.891905,cloud,200
8954,100.040516,cloud,200
8955,97.751788,cloud,200
8956,98.744639,cloud,200
8957,98.703753,cloud,200
8958,99.494058,cloud,200
8959,96.965604,cloud,200
8960,97.079854,cloud,200
8961,98.127305,cloud,200
8962,97.828211,cloud,200
8963,96.426465,cloud,200
8964,101.324863,cloud,200
8965,99.653297,cloud,200
8966,97.523998,cloud,200
8967,96.649451,cloud,200
8968,97.910509,cloud,200
8969,97.754584,cloud,200
8970,97.76781,cloud,200
8971,97.711819,cloud,200
8972,96.791836,cloud,200
8973,98.281977,cloud,200
8974,96.893725,cloud,200
8975,99.54272,cloud,200
8976,97.01251,cloud,200
8977,98.046696,cloud,200
8978,99.11283,cloud,200
8979,98.869494,cloud,200
8980,98.557128,cloud,200
8981,97.354335,cloud,200
8982,99.316348,cloud,200
8983,98.682614,cloud,200
8984,98.74521,cloud,200
8985,97.830697,cloud,200
8986,97.802935,cloud,200
8987,99.140869,cloud,200
8988,97.605689,cloud,200
8989,99.182969,cloud,200
8990,99.379575,cloud,200
8991,99.398751,cloud,200
8992,97.693298,cloud,200
8993,101.618343,cloud,200
8994,100.066314,cloud,200
8995,98.083491,cloud,200
8996,99.602193,cloud,200
8997,99.166872,cloud,200
8998,97.677417,cloud,200
8999,98.4572,cloud,200
9000,194.485829,cloud,200
9001,387.394211,cloud,200
9002,383.63955,cloud,200
9003,386.295886,cloud,200
9004,384.929694,cloud,200
9005,386.322859,cloud,200
9006,384.680465,cloud,200
9007,390.886437,cloud,200
9008,386.364262,cloud,200
9009,388.144515,cloud,200
9010,391.60852,cloud,200
9011,385.187876,cloud,200
9012,388.76571,cloud,200
9013,388.497,cloud,200
9014,385.038174,cloud,200
9015,388.691558,cloud,200
9016,388.701798,cloud,200
9017,383.997282,cloud,200
9018,387.982283,cloud,200
9019,385.673254,cloud,200
9020,385.530208,cloud,200
9021,383.946629,cloud,200
9022,386.573565,cloud,200
9023,385.755797,cloud,200
9024,388.824629,cloud,200
9025,386.743719,cloud,200
9026,390.46155,cloud,200
9027,388.102316,cloud,200
9028,388.275873,cloud,200
9029,386.284209,cloud,200
9030,388.243608,cloud,200
9031,390.990736,cloud,200
9032,390.776128,cloud,200
9033,390.236405,cloud,200
9034,390.929306,cloud,200
9035,389.865652,cloud,200
9036,388.432262,cloud,200
9037,386.459776,cloud,200
9038,107.182189,cloud,200
9039,100.106987,cloud,200
9040,98.726467,cloud,200
9041,103.037907,cloud,200
9042,96.770994,cloud,200
9043,98.664268,cloud,200
9044,99.056372,cloud,200
9045,100.917333,cloud,200
9046,101.331159,cloud,200
9047,98.488626,cloud,200
9048,100.31518,cloud,200
9049,98.472929,cloud,200
9050,98.79464,cloud,200
9051,102.507747,cloud,200
9052,101.236972,cloud,200
9053,100.684684,cloud,200
9054,102.254273,cloud,200
9055,99.895723,cloud,200
9056,99.958779,cloud,200
9057,100.197952,cloud,200
9058,95.632133,cloud,200
9059,97.019034,cloud,200
9060,98.17737,cloud,200
9061,96.644482,cloud,200
9062,99.948056,cloud,200
9063,99.575486,cloud,200
9064,102.233868,cloud,200
9065,98.881281,cloud,200
9066,100.428048,cloud,200
9067,96.10619,cloud,200
9068,102.728353,cloud,200
9069,97.897754,cloud,200
9070,98.955093,cloud,200
9071,98.120281,cloud,200
9072,97.987673,cloud,200
9073,96.6516,cloud,200
9074,99.296653,cloud,200
9075,100.407075,cloud,200
9076,98.358002,cloud,200
9077,96.982976,cloud,200
9078,98.889587,cloud,200
9079,98.965752,cloud,200
9080,98.39657,cloud,200
9081,100.810924,cloud,200
9082,100.314259,cloud,200
9083,98.690979,cloud,200
9084,95.068333,cloud,200
9085,97.532833,cloud,200
9086,96.827287,cloud,200
9087,95.59263,cloud,200
9088,99.240596,cloud,200
9089,94.701317,cloud,200
9090,100.893343,cloud,200
9091,98.964227,cloud,200
9092,97.375268,cloud,200
9093,96.376452,cloud,200
9094,101.03098,cloud,200
9095,98.962138,cloud,200
9096,96.34737,cloud,200
9097,95.730865,cloud,200
9098,97.753346,cloud,200
9099,99.16215,cloud,200
9100,99.500052,cloud,200
9101,97.999251,cloud,200
9102,99.55951,cloud,200
9103,97.102155,cloud,200
9104,96.677035,cloud,200
9105,99.38499,cloud,200
9106,95.126552,cloud,200
9107,97.024205,cloud,200
9108,96.879741,cloud,200
9109,98.783068,cloud,200
9110,97.278691,cloud,200
9111,96.746494,cloud,200
9112,98.107779,cloud,200
9113,97.056696,cloud,200
9114,96.412392,cloud,200
9115,100.720946,cloud,200
9116,97.584547,cloud,200
9117,98.646622,cloud,200
9118,97.973272,cloud,200
9119,101.538107,cloud,200
9120,100.259744,cloud,200
9121,100.368704,cloud,200
9122,100.415149,cloud,200
9123,100.566128,cloud,200
9124,97.152452,cloud,200
9125,97.79104,cloud,200
9126,98.370149,cloud,200
9127,97.532157,cloud,200
9128,98.073358,cloud,200
9129,99.607863,cloud,200
9130,98.376875,cloud,200
9131,97.496224,cloud,200
9132,100.082169,cloud,200
9133,96.874824,cloud,200
9134,99.483368,cloud,200
9135,99.51716,cloud,200
9136,99.145037,cloud,200
9137,97.925419,cloud,200
9138,96.92652,cloud,200
9139,97.06581,cloud,200
9140,97.950335,cloud,200
9141,96.736015,cloud,200
9142,95.975233,cloud,200
9143,96.434216,cloud,200
9144,97.493365,cloud,200
9145,98.06753,cloud,200
9146,97.85693,cloud,200
9147,99.363923,cloud,200
9148,98.254777,cloud,200
9149,98.34083,cloud,200
9150,99.230455,cloud,200
9151,100.472089,cloud,200
9152,97.530191,cloud,200
9153,99.266111,cloud,200
9154,98.268853,cloud,200
9155,98.466894,cloud,200
9156,97.61431,cloud,200
9157,98.03016,cloud,200
9158,98.559853,cloud,200
9159,98.061661,cloud,200
9160,99.888702,cloud,200
9161,100.697058,cloud,200
9162,97.132186,cloud,200
9163,95.727426,cloud,200
9164,99.809523,cloud,200
9165,95.971139,cloud,200
9166,96.420904,cloud,200
9167,98.012923,cloud,200
9168,98.050277,cloud,200
9169,98.533162,cloud,200
9170,100.121446,cloud,200
9171,98.309214,cloud,200
9172,97.925944,cloud,200
9173,98.217328,cloud,200
9174,100.554381,cloud,200
9175,96.141441,cloud,200
9176,97.370286,cloud,200
9177,96.997261,cloud,200
9178,94.645322,cloud,200
9179,98.578028,cloud,200
9180,97.442956,cloud,200
9181,98.039805,cloud,200
9182,97.530847,cloud,200
9183,96.439633,cloud,200
9184,100.937251,cloud,200
9185,98.317838,cloud,200
9186,100.40075,cloud,200
9187,97.923726,cloud,200
9188,98.141866,cloud,200
9189,99.792781,cloud,200
9190,96.419489,cloud,200
9191,96.529921,cloud,200
9192,96.867612,cloud,200
9193,95.667406,cloud,200
9194,98.410011,cloud,200
9195,95.120572,cloud,200
9196,98.196486,cloud,200
9197,95.966257,cloud,200
9198,98.642119,cloud,200
9199,97.870327,cloud,200
9200,99.280847,cloud,200
9201,97.658864,cloud,200
9202,98.535103,cloud,200
9203,98.192419,cloud,200
9204,98.24266,cloud,200
9205,96.430892,cloud,200
9206,98.303512,cloud,200
9207,97.44006,cloud,200
9208,101.817625,cloud,200
9209,98.041301,cloud,200
9210,97.824196,cloud,200
9211,94.895602,cloud,200
9212,99.171564,cloud,200
9213,96.290315,cloud,200
9214,97.489075,cloud,200
9215,97.786008,cloud,200
9216,101.60603,cloud,200
9217,96.795028,cloud,200
9218,97.756036,cloud,200
9219,96.840725,cloud,200
9220,97.382062,cloud,200
9221,97.530437,cloud,200
9222,98.822896,cloud,200
9223,96.274729,cloud,200
9224,98.464967,cloud,200
9225,95.478001,cloud,200
9226,99.105865,cloud,200
9227,96.694075,cloud,200
9228,97.426319,cloud,200
9229,98.173238,cloud,200
9230,97.321955,cloud,200
9231,98.575718,cloud,200
9232,98.547882,cloud,200
9233,97.40137,cloud,200
9234,99.270077,cloud,200
9235,97.479077,cloud,200
9236,94.95725,cloud,200
9237,97.755335,cloud,200
9238,96.684614,cloud,200
9239,98.454497,cloud,200
9240,98.774779,cloud,200
9241,98.61574,cloud,200
9242,97.349576,cloud,200
9243,96.095224,cloud,200
9244,97.129953,cloud,200
9245,97.631962,cloud,200
9246,96.865813,cloud,200
9247,97.295152,cloud,200
9248,97.797169,cloud,200
9249,96.537269,cloud,200
9250,101.074516,cloud,200
9251,98.314192,cloud,200
9252,96.751723,cloud,200
9253,98.997033,cloud,200
9254,101.914957,cloud,200
9255,98.236602,cloud,200
9256,96.527118,cloud,200
9257,99.208812,cloud,200
9258,100.993256,cloud,200
9259,98.135977,cloud,200
9260,97.600631,cloud,200
9261,99.237517,cloud,200
9262,99.594889,cloud,200
9263,99.858622,cloud,200
9264,97.230048,cloud,200
9265,99.212831,cloud,200
9266,99.290647,cloud,200
9267,97.830062,cloud,200
9268,97.999928,cloud,200
9269,97.98587,cloud,200
9270,98.086425,cloud,200
9271,97.770607,cloud,200
9272,97.462279,cloud,200
9273,99.016744,cloud,200
9274,97.601203,cloud,200
9275,98.877884,cloud,200
9276,97.177373,cloud,200
9277,97.893888,cloud,200
9278,98.207123,cloud,200
9279,97.45205,cloud,200
9280,99.184161,cloud,200
9281,98.635411,cloud,200
9282,97.661475,cloud,200
9283,98.053372,cloud,200
9284,101.532362,cloud,200
9285,97.036701,cloud,200
9286,97.339318,cloud,200
9287,97.744328,cloud,200
9288,99.108403,cloud,200
9289,97.59618,cloud,200
9290,97.737098,cloud,200
9291,96.660415,cloud,200
9292,96.384825,cloud,200
9293,98.75431,cloud,200
9294,97.936984,cloud,200
9295,97.34361,cloud,200
9296,97.800397,cloud,200
9297,97.713732,cloud,200
9298,96.117149,cloud,200
9299,98.225375,cloud,200
9300,99.36655,cloud,200
9301,100.291932,cloud,200
9302,98.188254,cloud,200
9303,98.33436,cloud,200
9304,100.420054,cloud,200
9305,96.24307,cloud,200
9306,98.166532,cloud,200
9307,98.421123,cloud,200
9308,100.009543,cloud,200
9309,96.524818,cloud,200
9310,102.323757,cloud,200
9311,95.460676,cloud,200
9312,96.403073,cloud,200
9313,96.726128,cloud,200
9314,97.788111,cloud,200
9315,98.751269,cloud,200
9316,97.7944,cloud,200
9317,98.089098,cloud,200
9318,96.982255,cloud,200
9319,97.970098,cloud,200
9320,99.783217,cloud,200
9321,98.131833,cloud,200
9322,96.030356,cloud,200
9323,95.480208,cloud,200
9324,97.716867,cloud,200
9325,97.099454,cloud,200
9326,98.593089,cloud,200
9327,98.013854,cloud,200
9328,98.084889,cloud,200
9329,99.073043,cloud,200
9330,96.68988,cloud,200
9331,97.255987,cloud,200
9332,100.014458,cloud,200
9333,98.172071,cloud,200
9334,98.205473,cloud,200
9335,96.361768,cloud,200
9336,96.730798,cloud,200
9337,101.97036,cloud,200
9338,97.475849,cloud,200
9339,97.459618,cloud,200
9340,98.920503,cloud,200
9341,97.920252,cloud,200
9342,100.691859,cloud,200
9343,99.336045,cloud,200
9344,97.985254,cloud,200
9345,99.165293,cloud,200
9346,96.839352,cloud,200
9347,97.165412,cloud,200
9348,96.976448,cloud,200
9349,96.083479,cloud,200
9350,97.117771,cloud,200
9351,94.192272,cloud,200
9352,95.867453,cloud,200
9353,97.842761,cloud,200
9354,98.038126,cloud,200
9355,96.93617,cloud,200
9356,95.74138,cloud,200
9357,95.662631,cloud,200
9358,97.810982,cloud,200
9359,95.684052,cloud,200
9360,98.197652,cloud,200
9361,97.337431,cloud,200
9362,96.819636,cloud,200
9363,96.547619,cloud,200
9364,103.033468,cloud,200
9365,95.594425,cloud,200
9366,97.495026,cloud,200
9367,94.197942,cloud,200
9368,99.166319,cloud,200
9369,96.852305,cloud,200
9370,97.318441,cloud,200
9371,95.074272,cloud,200
9372,98.863853,cloud,200
9373,97.17193,cloud,200
9374,96.574139,cloud,200
9375,97.358922,cloud,200
9376,99.561368,cloud,200
9377,99.013634,cloud,200
9378,97.853965,cloud,200
9379,98.960819,cloud,200
9380,99.174307,cloud,200
9381,97.63061,cloud,200
9382,97.759815,cloud,200
9383,95.494237,cloud,200
9384,97.810123,cloud,200
9385,95.647348,cloud,200
9386,97.00893,cloud,200
9387,98.450546,cloud,200
9388,97.737869,cloud,200
9389,97.626835,cloud,200
9390,96.072106,cloud,200
9391,96.415903,cloud,200
9392,97.450203,cloud,200
9393,97.063305,cloud,200
9394,99.387243,cloud,200
9395,95.471988,cloud,200
9396,97.013033,cloud,200
9397,97.492886,cloud,200
9398,97.760051,cloud,200
9399,97.42505,cloud,200
9400,99.378347,cloud,200
9401,97.182793,cloud,200
9402,98.097112,cloud,200
9403,99.688157,cloud,200
9404,97.440681,cloud,200
9405,98.345468,cloud,200
9406,96.479582,cloud,200
9407,98.201105,cloud,200
9408,95.390886,cloud,200
9409,97.703543,cloud,200
9410,100.033071,cloud,200
9411,97.6312,cloud,200
9412,96.171563,cloud,200
9413,98.477696,cloud,200
9414,95.391547,cloud,200
9415,99.0304,cloud,200
9416,97.020146,cloud,200
9417,97.668716,cloud,200
9418,97.332484,cloud,200
9419,95.935023,cloud,200
9420,97.221278,cloud,200
9421,96.631054,cloud,200
9422,97.597368,cloud,200
9423,98.244856,cloud,200
9424,96.968174,cloud,200
9425,98.17067,cloud,200
9426,98.50838,cloud,200
9427,100.262804,cloud,200
9428,98.045943,cloud,200
9429,97.750894,cloud,200
9430,96.99796,cloud,200
9431,99.290628,cloud,200
9432,97.45349,cloud,200
9433,96.857781,cloud,200
9434,96.244888,cloud,200
9435,98.994517,cloud,200
9436,96.211722,cloud,200
9437,98.719704,cloud,200
9438,97.347601,cloud,200
9439,97.422601,cloud,200
9440,96.168348,cloud,200
9441,96.31734,cloud,200
9442,99.699547,cloud,200
9443,97.957988,cloud,200
9444,98.498599,cloud,200
9445,97.025761,cloud,200
9446,98.716057,cloud,200
9447,98.668601,cloud,200
9448,99.316991,cloud,200
9449,95.252866,cloud,200
9450,98.528252,cloud,200
9451,97.827687,cloud,200
9452,97.578601,cloud,200
9453,95.175435,cloud,200
9454,96.788092,cloud,200
9455,96.194652,cloud,200
9456,95.480845,cloud,200
9457,107.230848,cloud,200
9458,99.799563,cloud,200
9459,97.950642,cloud,200
9460,96.843764,cloud,200
9461,98.989729,cloud,200
9462,96.196764,cloud,200
9463,97.87733,cloud,200
9464,96.106019,cloud,200
9465,99.119866,cloud,200
9466,96.651919,cloud,200
9467,98.493334,cloud,200
9468,101.021919,cloud,200
9469,99.41698,cloud,200
9470,98.972428,cloud,200
9471,97.310615,cloud,200
9472,95.624133,cloud,200
9473,97.065825,cloud,200
9474,98.156754,cloud,200
9475,96.212573,cloud,200
9476,98.143661,cloud,200
9477,98.396331,cloud,200
9478,97.683549,cloud,200
9479,98.611219,cloud,200
9480,98.26027,cloud,200
9481,94.114762,cloud,200
9482,98.357092,cloud,200
9483,97.15193,cloud,200
9484,97.383443,cloud,200
9485,95.88673,cloud,200
9486,99.268325,cloud,200
9487,99.284753,cloud,200
9488,96.795605,cloud,200
9489,96.899914,cloud,200
9490,97.166667,cloud,200
9491,96.94181,cloud,200
9492,98.161703,cloud,200
9493,98.132876,cloud,200
9494,100.384507,cloud,200
9495,98.101101,cloud,200
9496,96.775841,cloud,200
9497,97.741539,cloud,200
9498,98.345042,cloud,200
9499,94.429921,cloud,200
9500,96.257943,cloud,200
9501,96.936877,cloud,200
9502,100.415985,cloud,200
9503,96.405182,cloud,200
9504,97.69556,cloud,200
9505,95.926863,cloud,200
9506,95.522263,cloud,200
9507,98.077284,cloud,200
9508,100.174772,cloud,200
9509,97.032277,cloud,200
9510,98.815206,cloud,200
9511,98.657883,cloud,200
9512,97.671071,cloud,200
9513,97.837097,cloud,200
9514,100.046003,cloud,200
9515,98.195116,cloud,200
9516,97.16907,cloud,200
9517,96.125738,cloud,200
9518,99.24135,cloud,200
9519,96.289587,cloud,200
9520,99.277694,cloud,200
9521,94.845572,cloud,200
9522,95.746449,cloud,200
9523,100.238281,cloud,200
9524,96.200562,cloud,200
9525,97.822492,cloud,200
9526,100.212622,cloud,200
9527,98.653307,cloud,200
9528,97.306117,cloud,200
9529,98.31871,cloud,200
9530,97.655737,cloud,200
9531,96.642518,cloud,200
9532,97.855225,cloud,200
9533,96.916665,cloud,200
9534,100.990879,cloud,200
9535,100.746388,cloud,200
9536,97.961822,cloud,200
9537,97.552306,cloud,200
9538,101.419184,cloud,200
9539,98.377115,cloud,200
9540,97.244309,cloud,200
9541,98.840292,cloud,200
9542,98.408072,cloud,200
9543,98.317293,cloud,200
9544,95.421332,cloud,200
9545,97.978126,cloud,200
9546,98.101461,cloud,200
9547,96.99262,cloud,200
9548,97.012751,cloud,200
9549,96.70166,cloud,200
9550,96.600262,cloud,200
9551,96.53306,cloud,200
9552,99.810992,cloud,200
9553,97.252661,cloud,200
9554,98.069829,cloud,200
9555,98.07107,cloud,200
9556,98.383674,cloud,200
9557,99.734353,cloud,200
9558,97.980804,cloud,200
9559,97.34198,cloud,200
9560,106.154495,cloud,200
9561,98.157449,cloud,200
9562,96.980751,cloud,200
9563,98.325579,cloud,200
9564,98.368905,cloud,200
9565,98.291824,cloud,200
9566,96.596575,cloud,200
9567,100.116894,cloud,200
9568,98.698567,cloud,200
9569,98.356723,cloud,200
9570,98.478198,cloud,200
9571,98.859778,cloud,200
9572,97.838733,cloud,200
9573,97.664287,cloud,200
9574,99.027755,cloud,200
9575,98.11048,cloud,200
9576,102.250279,cloud,200
9577,100.83642,cloud,200
9578,98.445594,cloud,200
9579,99.004846,cloud,200
9580,98.979049,cloud,200
9581,97.701298,cloud,200
9582,96.34536,cloud,200
9583,100.685419,cloud,200
9584,102.87129,cloud,200
9585,98.890208,cloud,200
9586,99.474286,cloud,200
9587,99.811808,cloud,200
9588,96.564091,cloud,200
9589,96.764812,cloud,200
9590,98.465319,cloud,200
9591,99.809085,cloud,200
9592,101.827138,cloud,200
9593,99.456751,cloud,200
9594,102.415518,cloud,200
9595,97.308038,cloud,200
9596,97.802849,cloud,200
9597,99.374197,cloud,200
9598,99.592587,cloud,200
9599,98.757556,cloud,200
